miscalculated pools
1000	1000	102	115	104	107	105	92	100
1000	3000	326	344	315	338	300	324	322
1000	10000	1042	1006	1079	1017	1066	1072	968
1000	25000	2653	2577	2587	2502	2616	2536	2663
1000	50000	5249	5115	5026	5142	5251	5182	5210
1000	100000	10276	10374	10296	10560	10297	10350	10306

discarded pools
1000	1000	792	0	103	0	0	1	45
1000	3000	1390	57	398	43	0	55	203
1000	10000	1589	1767	4480	1638	205	1783	807
1000	25000	2678	10821	20500	11063	2556	10822	2427
1000	50000	5249	25329	46824	25268	15813	25292	4794
1000	100000	10276	51284	94384	51114	44650	50999	9547

false positive pools
1000	1000	0	115	7	107	105	92	56
1000	3000	0	344	22	338	300	324	123
1000	10000	0	1006	84	1017	1066	1072	182
1000	25000	0	2577	206	2502	2616	2536	283
1000	50000	0	5115	402	5142	5251	5182	467
1000	100000	0	10374	814	10560	10297	10350	869

false negative pools
1000	1000	690	0	6	0	0	1	1
1000	3000	1064	57	105	43	0	55	4
1000	10000	547	1767	3485	1638	205	1783	21
1000	25000	25	10821	18119	11063	2556	10822	47
1000	50000	0	25329	42200	25268	15813	25292	51
1000	100000	0	51284	84902	51114	44650	50999	110

gain of malicious
1000	1000	2.96	-1	-0.485	-1	-1	-0.995	-0.775
1000	3000	1.316667	-0.905	-0.336667	-0.928333	-1	-0.908333	-0.661667
1000	10000	-0.2055	-0.1165	1.24	-0.181	-0.8975	-0.1085	-0.5965
1000	25000	-0.4644	1.1642	3.1	1.2126	-0.4888	1.1644	-0.5146
1000	50000	-0.4751	1.5329	3.6824	1.5268	0.5813	1.5292	-0.5206
1000	100000	-0.4862	1.5642	3.7192	1.5557	1.2325	1.54995	-0.52265

execution time
1000	1000	0.89	20.48	0.22	5.96	5.8	0.37	0.4
1000	3000	0.31	37.2	0.41	4.88	3.2	0.41	0.55
1000	10000	0.47	118.55	0.91	15.56	4.92	0.84	0.96
1000	25000	0.97	623.85	2.54	68.55	11.01	4.09	1.98
1000	50000	1.54	2453.4	4.5	260.18	23.47	2.89	3.46
1000	100000	2.86	11281.65	9.32	1114.87	46.98	5.94	8.8


miscalculated pools
1000	1000	109	117	122	101	94	92	105
1000	3000	299	304	296	315	288	313	331
1000	10000	1018	1044	995	1021	1055	1016	1050
1000	25000	2639	2560	2601	2652	2607	2658	2566
1000	50000	5142	5317	5137	5096	5097	5132	5169
1000	100000	10346	10284	10423	10356	10501	10352	10518

discarded pools
1000	1000	738	0	111	0	0	0	49
1000	3000	1506	27	388	38	0	49	202
1000	10000	1538	1668	3726	1740	213	1816	894
1000	25000	2695	11521	21279	11164	2491	11619	2351
1000	50000	5142	25548	46563	25498	15794	25456	4744
1000	100000	10346	51121	94618	51049	43846	51115	9695

false positive pools
1000	1000	0	117	13	101	94	92	56
1000	3000	0	304	16	315	288	313	133
1000	10000	0	1044	96	1021	1055	1016	188
1000	25000	0	2560	189	2652	2607	2658	260
1000	50000	0	5317	404	5096	5097	5132	463
1000	100000	0	10284	791	10356	10501	10352	899

false negative pools
1000	1000	629	0	2	0	0	0	0
1000	3000	1207	27	108	38	0	49	4
1000	10000	520	1668	2827	1740	213	1816	32
1000	25000	56	11521	18867	11164	2491	11619	45
1000	50000	0	25548	41830	25498	15794	25456	38
1000	100000	0	51121	84986	51049	43846	51115	76

gain of malicious
1000	1000	2.69	-1	-0.445	-1	-1	-1	-0.755
1000	3000	1.51	-0.955	-0.353333	-0.936667	-1	-0.918333	-0.663333
1000	10000	-0.231	-0.166	0.863	-0.13	-0.8935	-0.092	-0.553
1000	25000	-0.461	1.3042	3.2558	1.2328	-0.5018	1.3238	-0.5298
1000	50000	-0.4858	1.5548	3.6563	1.5498	0.5794	1.5456	-0.5256
1000	100000	-0.4827	1.55605	3.7309	1.55245	1.1923	1.55575	-0.51525

execution time
1000	1000	0.22	19.87	0.18	2.44	2.61	0.41	0.42
1000	3000	0.28	36.13	0.3	4.38	2.45	0.53	0.51
1000	10000	0.44	129.77	0.99	15.26	5.57	0.78	0.93
1000	25000	0.84	585.61	2.39	74.12	12.47	1.56	1.8
1000	50000	1.41	2576.27	4.7	265.87	20	2.87	3.36
1000	100000	2.65	11456.36	9.1	1069.79	45.23	5.83	6.58


miscalculated pools
1000	1000	102	98	101	92	89	115	96
1000	3000	277	341	290	312	292	310	312
1000	10000	1021	1048	1051	992	995	1041	1058
1000	25000	2588	2601	2497	2496	2556	2599	2538
1000	50000	5057	5177	5233	5269	5191	5203	5266
1000	100000	10240	10318	10330	10365	10238	10265	10469

discarded pools
1000	1000	773	0	96	0	0	0	42
1000	3000	1507	62	353	42	39	61	210
1000	10000	1581	1701	4421	1628	173	1664	886
1000	25000	2618	10709	19948	10804	2350	11004	2281
1000	50000	5057	25652	46640	25372	15441	25480	4799
1000	100000	10240	51244	94782	51015	43100	51370	9733

false positive pools
1000	1000	0	98	7	92	89	115	54
1000	3000	0	341	22	312	292	310	103
1000	10000	0	1048	92	992	995	1041	188
1000	25000	0	2601	221	2496	2556	2599	280
1000	50000	0	5177	404	5269	5191	5203	500
1000	100000	0	10318	772	10365	10238	10265	858

false negative pools
1000	1000	671	0	2	0	0	0	0
1000	3000	1230	62	85	42	39	61	1
1000	10000	560	1701	3462	1628	173	1664	16
1000	25000	30	10709	17672	10804	2350	11004	23
1000	50000	0	25652	41811	25372	15441	25480	33
1000	100000	0	51244	85224	51015	43100	51370	122

gain of malicious
1000	1000	2.865	-1	-0.52	-1	-1	-1	-0.79
1000	3000	1.511667	-0.896667	-0.411667	-0.93	-0.935	-0.898333	-0.65
1000	10000	-0.2095	-0.1495	1.2105	-0.186	-0.9135	-0.168	-0.557
1000	25000	-0.4764	1.1418	2.9896	1.1608	-0.53	1.2008	-0.5438
1000	50000	-0.4943	1.5652	3.664	1.5372	0.5441	1.548	-0.5201
1000	100000	-0.488	1.5622	3.7391	1.55075	1.155	1.5685	-0.51335

execution time
1000	1000	0.22	18.57	0.28	2.3	2.04	0.37	0.38
1000	3000	0.27	41.19	0.43	4.37	2.58	0.55	0.53
1000	10000	0.47	127.15	1.1	17.32	5.41	0.79	0.99
1000	25000	0.83	621.97	2.14	70.42	12.31	1.56	1.8
1000	50000	1.42	2568.67	4.56	283.6	20.48	2.73	3.55
1000	100000	2.83	11633.27	9.12	1073.87	45.08	5.8	6.76


miscalculated pools
1000	1000	87	102	92	108	105	105	95
1000	3000	297	336	296	310	319	336	319
1000	10000	1004	1079	1007	1075	1109	997	1020
1000	25000	2583	2597	2591	2653	2617	2611	2596
1000	50000	5216	5215	5225	5145	5158	5123	5257
1000	100000	10353	10425	10491	10477	10282	10373	10396

discarded pools
1000	1000	804	1	87	0	0	0	42
1000	3000	1449	49	378	48	0	54	199
1000	10000	1513	1903	4158	1832	249	1654	840
1000	25000	2624	11357	20968	11202	6529	11113	2356
1000	50000	5216	25530	46892	25428	15440	25432	4850
1000	100000	10353	50777	94848	50948	43655	50993	9679

false positive pools
1000	1000	0	102	6	108	105	105	53
1000	3000	0	336	20	310	319	336	121
1000	10000	0	1079	74	1075	1109	997	194
1000	25000	0	2597	206	2653	2617	2611	284
1000	50000	0	5215	401	5145	5158	5123	473
1000	100000	0	10425	776	10477	10282	10373	876

false negative pools
1000	1000	717	1	1	0	0	0	0
1000	3000	1152	49	102	48	0	54	1
1000	10000	509	1903	3225	1832	249	1654	14
1000	25000	41	11357	18583	11202	6529	11113	44
1000	50000	0	25530	42068	25428	15440	25432	66
1000	100000	0	50777	85133	50948	43655	50993	159

gain of malicious
1000	1000	3.02	-0.995	-0.565	-1	-1	-1	-0.79
1000	3000	1.415	-0.918333	-0.37	-0.92	-1	-0.91	-0.668333
1000	10000	-0.2435	-0.0485	1.079	-0.084	-0.8755	-0.173	-0.58
1000	25000	-0.4752	1.2714	3.1936	1.2404	0.3058	1.2226	-0.5288
1000	50000	-0.4784	1.553	3.6892	1.5428	0.544	1.5432	-0.515
1000	100000	-0.48235	1.53885	3.7424	1.5474	1.18275	1.54965	-0.51605

execution time
1000	1000	0.22	18.96	0.31	2.48	2.21	0.4	0.38
1000	3000	0.28	36.07	0.43	4.38	2.51	0.51	0.52
1000	10000	0.49	136.05	1.06	16.99	4.78	0.76	0.9
1000	25000	0.82	630.4	2.62	79.14	7.15	1.57	1.94
1000	50000	1.51	2375.67	4.31	261.08	24.39	2.84	3.53
1000	100000	2.87	11253.55	7.29	1093.44	46.09	8.61	6.75


miscalculated pools
1000	1000	98	113	104	115	115	105	101
1000	3000	309	343	300	311	328	264	301
1000	10000	1041	1013	1011	1041	1025	1019	1014
1000	25000	2555	2744	2671	2655	2579	2538	2618
1000	50000	5169	5060	5146	5091	5057	5068	5247
1000	100000	10415	10385	10483	10339	10314	10241	10276

discarded pools
1000	1000	786	4	102	0	0	0	44
1000	3000	1408	41	374	45	755	27	199
1000	10000	1557	1712	4070	1718	187	1692	860
1000	25000	2591	10926	21404	11283	2452	10740	2392
1000	50000	5169	25404	46939	25544	14545	25690	4872
1000	100000	10415	51141	94975	51147	42450	51076	9547

false positive pools
1000	1000	0	113	5	115	115	105	57
1000	3000	0	343	24	311	311	264	102
1000	10000	0	1013	76	1041	1025	1019	176
1000	25000	0	2744	213	2655	2579	2538	249
1000	50000	0	5060	381	5091	5057	5068	416
1000	100000	0	10385	770	10339	10314	10241	790

false negative pools
1000	1000	688	4	3	0	0	0	0
1000	3000	1099	41	98	45	738	27	0
1000	10000	516	1712	3135	1718	187	1692	22
1000	25000	36	10926	18946	11283	2452	10740	23
1000	50000	0	25404	42174	25544	14545	25690	41
1000	100000	0	51141	85262	51147	42450	51076	61

gain of malicious
1000	1000	2.93	-0.98	-0.49	-1	-1	-1	-0.78
1000	3000	1.346667	-0.931667	-0.376667	-0.925	0.258333	-0.955	-0.668333
1000	10000	-0.2215	-0.144	1.035	-0.141	-0.9065	-0.154	-0.57
1000	25000	-0.4818	1.1852	3.2808	1.2566	-0.5096	1.148	-0.5216
1000	50000	-0.4831	1.5404	3.6939	1.5544	0.4545	1.569	-0.5128
1000	100000	-0.47925	1.55705	3.74875	1.55735	1.1225	1.5538	-0.52265

execution time
1000	1000	0.22	19.77	0.15	2.41	2.21	0.33	0.38
1000	3000	0.33	37.74	0.32	4.41	3.63	0.46	0.51
1000	10000	0.44	126.55	0.95	17.08	5.81	0.81	0.95
1000	25000	0.86	650.93	2.05	76.25	10.56	1.54	1.84
1000	50000	1.52	2249.63	4.18	252.84	16.71	3.01	3.45
1000	100000	2.69	11221.68	8.78	1072.31	36.01	6.15	6.68


miscalculated pools
1000	1000	114	113	117	103	118	107	115
1000	3000	312	286	312	305	326	292	285
1000	10000	1053	1015	1042	1021	1037	1016	1060
1000	25000	2609	2603	2550	2616	2524	2480	2556
1000	50000	5097	5155	5171	5217	5212	5189	5251
1000	100000	10393	10311	10222	10483	10320	10462	10402

discarded pools
1000	1000	759	3	114	1	0	0	54
1000	3000	1476	32	398	46	1	34	198
1000	10000	1555	1657	4237	1626	190	1760	884
1000	25000	2641	11422	20429	11408	2351	10706	2322
1000	50000	5097	25213	47024	25214	15045	25581	4849
1000	100000	10393	51204	94505	50876	44342	51040	9650

false positive pools
1000	1000	0	113	8	103	118	107	61
1000	3000	0	286	22	305	326	292	92
1000	10000	0	1015	85	1021	1037	1016	188
1000	25000	0	2603	177	2616	2524	2480	271
1000	50000	0	5155	388	5217	5212	5189	468
1000	100000	0	10311	795	10483	10320	10462	856

false negative pools
1000	1000	645	3	5	1	0	0	0
1000	3000	1164	32	108	46	1	34	5
1000	10000	502	1657	3280	1626	190	1760	12
1000	25000	32	11422	18056	11408	2351	10706	37
1000	50000	0	25213	42241	25214	15045	25581	66
1000	100000	0	51204	85078	50876	44342	51040	104

gain of malicious
1000	1000	2.795	-0.985	-0.43	-0.995	-1	-1	-0.73
1000	3000	1.46	-0.946667	-0.336667	-0.923333	-0.998333	-0.943333	-0.67
1000	10000	-0.2225	-0.1715	1.1185	-0.187	-0.905	-0.12	-0.558
1000	25000	-0.4718	1.2844	3.0858	1.2816	-0.5298	1.1412	-0.5356
1000	50000	-0.4903	1.5213	3.7024	1.5214	0.5045	1.5581	-0.5151
1000	100000	-0.48035	1.5602	3.72525	1.5438	1.2171	1.552	-0.5175

execution time
1000	1000	0.22	19.7	0.2	3.31	2.18	0.34	0.4
1000	3000	0.28	32.89	0.45	4.51	3.02	0.43	0.51
1000	10000	0.45	125.06	0.97	15.3	4.75	0.77	0.92
1000	25000	0.8	633.14	2.07	73.46	10.57	1.5	3.2
1000	50000	1.41	2429.79	4.47	267.57	24.53	2.83	4.49
1000	100000	2.79	11437.91	9.02	1090.02	45.82	5.89	6.5


miscalculated pools
1000	1000	121	88	114	117	92	117	106
1000	3000	322	320	320	350	332	321	300
1000	10000	1066	1033	1041	1056	1082	1092	974
1000	25000	2671	2558	2568	2606	2565	2531	2506
1000	50000	5240	5231	5275	5289	5195	5190	5083
1000	100000	10292	10415	10106	10461	10363	10427	10465

discarded pools
1000	1000	751	2	109	0	87	0	58
1000	3000	1414	34	399	44	43	40	185
1000	10000	1519	1935	4125	1844	216	1816	803
1000	25000	2691	10981	19961	10954	2255	10979	2259
1000	50000	5240	25537	47144	25609	15271	25702	4717
1000	100000	10292	51338	94622	51073	44264	51307	9678

false positive pools
1000	1000	0	88	8	117	7	117	48
1000	3000	0	320	21	350	332	321	118
1000	10000	0	1033	71	1056	1082	1092	197
1000	25000	0	2558	200	2606	2565	2531	281
1000	50000	0	5231	406	5289	5195	5190	395
1000	100000	0	10415	775	10461	10363	10427	857

false negative pools
1000	1000	630	2	3	0	2	0	0
1000	3000	1092	34	100	44	43	40	3
1000	10000	453	1935	3155	1844	216	1816	26
1000	25000	20	10981	17593	10954	2255	10979	34
1000	50000	0	25537	42275	25609	15271	25702	29
1000	100000	0	51338	85291	51073	44264	51307	70

gain of malicious
1000	1000	2.755	-0.99	-0.455	-1	-0.565	-1	-0.71
1000	3000	1.356667	-0.943333	-0.335	-0.926667	-0.928333	-0.933333	-0.691667
1000	10000	-0.2405	-0.0325	1.0625	-0.078	-0.892	-0.092	-0.5985
1000	25000	-0.4618	1.1962	2.9922	1.1908	-0.549	1.1958	-0.5482
1000	50000	-0.476	1.5537	3.7144	1.5609	0.5271	1.5702	-0.5283
1000	100000	-0.4854	1.5669	3.7311	1.55365	1.2132	1.56535	-0.5161

execution time
1000	1000	0.23	17.67	0.19	2.74	2.23	0.48	0.39
1000	3000	0.27	37.03	0.53	4.94	2.6	0.47	0.51
1000	10000	0.43	117	1.16	17.36	6.66	0.8	0.89
1000	25000	0.83	601.43	2.17	73.7	12.69	1.54	1.85
1000	50000	1.5	2362.83	5.12	285.54	21.53	3.13	3.4
1000	100000	2.87	11344.95	10.54	1082.67	39.92	5.99	6.72


miscalculated pools
1000	1000	95	86	83	93	103	100	98
1000	3000	315	344	314	309	293	312	343
1000	10000	1032	1069	1009	1040	1023	1042	1013
1000	25000	2528	2651	2587	2632	2615	2612	2639
1000	50000	5209	5215	5165	5051	5238	5317	5111
1000	100000	10177	10360	10385	10227	10534	10369	10280

discarded pools
1000	1000	784	0	78	1	0	2	42
1000	3000	1378	59	403	43	1	43	223
1000	10000	1542	1890	4349	1744	211	1781	843
1000	25000	2562	10753	20054	11406	6737	11026	2403
1000	50000	5209	25165	47016	25407	15625	25380	4710
1000	100000	10177	51266	94636	51386	44386	51018	9488

false positive pools
1000	1000	0	86	5	93	103	100	56
1000	3000	0	344	21	309	293	312	123
1000	10000	0	1069	80	1040	1023	1042	195
1000	25000	0	2651	209	2632	2615	2612	263
1000	50000	0	5215	392	5051	5238	5317	444
1000	100000	0	10360	804	10227	10534	10369	842

false negative pools
1000	1000	689	0	0	1	0	2	0
1000	3000	1063	59	110	43	1	43	3
1000	10000	510	1890	3420	1744	211	1781	25
1000	25000	34	10753	17676	11406	6737	11026	27
1000	50000	0	25165	42243	25407	15625	25380	43
1000	100000	0	51266	85055	51386	44386	51018	50

gain of malicious
1000	1000	2.92	-1	-0.61	-0.995	-1	-0.99	-0.79
1000	3000	1.296667	-0.901667	-0.328333	-0.928333	-0.998333	-0.928333	-0.628333
1000	10000	-0.229	-0.055	1.1745	-0.128	-0.8945	-0.1095	-0.5785
1000	25000	-0.4876	1.1506	3.0108	1.2812	0.3474	1.2052	-0.5194
1000	50000	-0.4791	1.5165	3.7016	1.5407	0.5625	1.538	-0.529
1000	100000	-0.49115	1.5633	3.7318	1.5693	1.2193	1.5509	-0.5256

execution time
1000	1000	0.22	18.49	0.23	2.37	2.44	0.35	0.38
1000	3000	0.32	36.45	0.46	5.46	2.63	0.45	0.54
1000	10000	0.48	134.85	0.75	15.7	4.87	0.77	0.92
1000	25000	0.85	652.25	2.75	76.35	8.97	1.54	1.81
1000	50000	3.59	2496.88	5.11	250.86	20.76	3.76	3.98
1000	100000	4.05	10681.73	9.15	1085.51	47.42	5.81	6.5


miscalculated pools
1000	1000	99	101	86	112	115	104	96
1000	3000	318	313	324	316	319	295	303
1000	10000	1030	1041	1112	1018	1038	998	1050
1000	25000	2611	2590	2621	2607	2548	2572	2544
1000	50000	5117	5130	5248	5301	5114	5248	5124
1000	100000	10498	10495	10305	10393	10284	10451	10317

discarded pools
1000	1000	768	0	80	0	0	0	37
1000	3000	1344	42	416	29	0	44	189
1000	10000	1558	1757	4517	1756	196	1617	886
1000	25000	2633	10765	21499	10691	2467	10425	2287
1000	50000	5117	25402	47049	25175	15159	25427	4716
1000	100000	10498	51260	94913	51393	43165	50894	9582

false positive pools
1000	1000	0	101	9	112	115	104	59
1000	3000	0	313	23	316	319	295	115
1000	10000	0	1041	84	1018	1038	998	172
1000	25000	0	2590	213	2607	2548	2572	292
1000	50000	0	5130	392	5301	5114	5248	445
1000	100000	0	10495	762	10393	10284	10451	819

false negative pools
1000	1000	669	0	3	0	0	0	0
1000	3000	1026	42	115	29	0	44	1
1000	10000	528	1757	3489	1756	196	1617	8
1000	25000	22	10765	19091	10691	2467	10425	35
1000	50000	0	25402	42193	25175	15159	25427	37
1000	100000	0	51260	85370	51393	43165	50894	84

gain of malicious
1000	1000	2.84	-1	-0.6	-1	-1	-1	-0.815
1000	3000	1.24	-0.93	-0.306667	-0.951667	-1	-0.926667	-0.685
1000	10000	-0.221	-0.1215	1.2585	-0.122	-0.902	-0.1915	-0.557
1000	25000	-0.4734	1.153	3.2998	1.1382	-0.5066	1.085	-0.5426
1000	50000	-0.4883	1.5402	3.7049	1.5175	0.5159	1.5427	-0.5284
1000	100000	-0.4751	1.563	3.74565	1.56965	1.15825	1.5447	-0.5209

execution time
1000	1000	0.23	18.71	0.24	2.29	2.25	0.34	0.36
1000	3000	0.5	35.58	0.51	6	3.03	0.46	0.52
1000	10000	0.44	124.49	1.32	17.32	4.94	0.74	0.95
1000	25000	0.84	617.72	2.77	74.15	12.7	1.58	1.84
1000	50000	1.44	2404.24	4.65	277.6	20.55	2.83	3.42
1000	100000	2.86	11703.69	10.54	1131.31	36.78	7.34	6.54


miscalculated pools
1000	1000	92	100	95	104	117	118	115
1000	3000	274	314	298	311	306	308	346
1000	10000	978	1040	1076	991	1012	1049	1062
1000	25000	2594	2565	2604	2634	2641	2675	2620
1000	50000	5114	5257	5295	5308	5297	5226	5080
1000	100000	10372	10302	10363	10332	10309	10220	10307

discarded pools
1000	1000	794	0	86	0	1	1	62
1000	3000	1558	44	360	32	0	51	225
1000	10000	1619	1930	4779	1669	196	1730	897
1000	25000	2614	11076	19836	10886	2629	10719	2390
1000	50000	5114	25350	47214	25412	16067	25048	4689
1000	100000	10372	51147	94821	50903	45148	51455	9536

false positive pools
1000	1000	0	100	9	104	117	118	53
1000	3000	0	314	23	311	306	308	125
1000	10000	0	1040	71	991	1012	1049	183
1000	25000	0	2565	217	2634	2641	2675	258
1000	50000	0	5257	387	5308	5297	5226	436
1000	100000	0	10302	766	10332	10309	10220	826

false negative pools
1000	1000	702	0	0	0	1	1	0
1000	3000	1284	44	85	32	0	51	4
1000	10000	641	1930	3774	1669	196	1730	18
1000	25000	20	11076	17449	10886	2629	10719	28
1000	50000	0	25350	42306	25412	16067	25048	45
1000	100000	0	51147	85224	50903	45148	51455	55

gain of malicious
1000	1000	2.97	-1	-0.57	-1	-0.995	-0.995	-0.69
1000	3000	1.596667	-0.926667	-0.4	-0.946667	-1	-0.915	-0.625
1000	10000	-0.1905	-0.035	1.3895	-0.1655	-0.902	-0.135	-0.5515
1000	25000	-0.4772	1.2152	2.9672	1.1772	-0.4742	1.1438	-0.522
1000	50000	-0.4886	1.535	3.7214	1.5412	0.6067	1.5048	-0.5311
1000	100000	-0.4814	1.55735	3.74105	1.54515	1.2574	1.57275	-0.5232

execution time
1000	1000	0.19	18.73	0.22	2.38	2.6	0.35	2.11
1000	3000	0.27	35.1	0.43	4.37	2.52	0.46	0.53
1000	10000	0.48	135.23	0.8	15.89	3.86	0.78	0.96
1000	25000	0.83	555.85	2.88	74.87	11.03	1.64	2.82
1000	50000	1.43	2505.1	4.23	276.62	21.06	2.77	3.54
1000	100000	2.7	11710.18	10.8	1063.9	54.13	5.9	6.74


miscalculated pools
1000	1000	109	109	94	96	108	97	121
1000	3000	334	307	301	327	283	304	293
1000	10000	1032	1004	1013	1008	1054	1005	977
1000	25000	2613	2577	2517	2538	2552	2524	2537
1000	50000	5206	5229	5132	5167	5197	5147	5262
1000	100000	10364	10392	10228	10385	10249	10407	10481

discarded pools
1000	1000	782	0	84	0	1	0	57
1000	3000	1257	44	385	47	0	40	191
1000	10000	1495	1676	3992	1686	227	1648	812
1000	25000	2650	11547	21308	11082	2216	11363	2286
1000	50000	5206	25135	46932	25676	15370	25273	4886
1000	100000	10364	51034	94701	51424	44625	51025	9671

false positive pools
1000	1000	0	109	10	96	108	97	64
1000	3000	0	307	18	327	283	304	104
1000	10000	0	1004	77	1008	1054	1005	181
1000	25000	0	2577	190	2538	2552	2524	290
1000	50000	0	5229	381	5167	5197	5147	455
1000	100000	0	10392	760	10385	10249	10407	869

false negative pools
1000	1000	673	0	0	0	1	0	0
1000	3000	923	44	102	47	0	40	2
1000	10000	463	1676	3056	1686	227	1648	16
1000	25000	37	11547	18981	11082	2216	11363	39
1000	50000	0	25135	42181	25676	15370	25273	79
1000	100000	0	51034	85233	51424	44625	51025	59

gain of malicious
1000	1000	2.91	-1	-0.58	-1	-0.995	-1	-0.715
1000	3000	1.095	-0.926667	-0.358333	-0.921667	-1	-0.933333	-0.681667
1000	10000	-0.2525	-0.162	0.996	-0.157	-0.8865	-0.176	-0.594
1000	25000	-0.47	1.3094	3.2616	1.2164	-0.5568	1.2726	-0.5428
1000	50000	-0.4794	1.5135	3.6932	1.5676	0.537	1.5273	-0.5114
1000	100000	-0.4818	1.5517	3.73505	1.5712	1.23125	1.55125	-0.51645

execution time
1000	1000	0.23	19.69	0.24	2.19	4.37	0.35	0.41
1000	3000	0.27	34.48	0.61	4.44	2.92	0.46	0.51
1000	10000	0.45	121.6	1.1	16.15	5.03	0.78	0.89
1000	25000	0.83	650.29	2.45	69.77	10.77	1.63	1.84
1000	50000	1.44	2422.71	5.64	262.06	20.8	8.48	3.51
1000	100000	2.71	11555.18	10.18	1067.97	55.74	6.05	7.7


miscalculated pools
1000	1000	108	103	107	107	101	95	112
1000	3000	294	336	317	303	297	316	317
1000	10000	992	1060	1037	1091	1042	1042	1037
1000	25000	2589	2564	2570	2716	2618	2609	2672
1000	50000	5070	5187	5163	5121	5216	5202	5250
1000	100000	10500	10294	10434	10406	10331	10404	10342

discarded pools
1000	1000	744	0	99	0	1	0	40
1000	3000	1405	54	404	32	0	59	201
1000	10000	1548	1928	4186	1753	195	1783	886
1000	25000	2622	10532	20052	11412	2235	11406	2427
1000	50000	5070	25214	46940	25350	15577	25695	4885
1000	100000	10500	51294	94861	51546	43730	51184	9594

false positive pools
1000	1000	0	103	8	107	101	95	72
1000	3000	0	336	24	303	297	316	118
1000	10000	0	1060	82	1091	1042	1042	170
1000	25000	0	2564	207	2716	2618	2609	277
1000	50000	0	5187	376	5121	5216	5202	432
1000	100000	0	10294	768	10406	10331	10404	841

false negative pools
1000	1000	636	0	0	0	1	0	0
1000	3000	1111	54	111	32	0	59	2
1000	10000	556	1928	3231	1753	195	1783	19
1000	25000	33	10532	17689	11412	2235	11406	32
1000	50000	0	25214	42153	25350	15577	25695	67
1000	100000	0	51294	85195	51546	43730	51184	93

gain of malicious
1000	1000	2.72	-1	-0.505	-1	-0.995	-1	-0.8
1000	3000	1.341667	-0.91	-0.326667	-0.946667	-1	-0.901667	-0.665
1000	10000	-0.226	-0.036	1.093	-0.1235	-0.9025	-0.1085	-0.557
1000	25000	-0.4756	1.1064	3.0104	1.2824	-0.553	1.2812	-0.5146
1000	50000	-0.493	1.5214	3.694	1.535	0.5577	1.5695	-0.5115
1000	100000	-0.475	1.5647	3.74305	1.5773	1.1865	1.5592	-0.5203

execution time
1000	1000	0.22	19.05	0.33	2.4	2.59	0.41	0.39
1000	3000	0.27	37.36	0.42	4.25	3.54	0.51	0.56
1000	10000	0.45	132.27	1.1	16.96	6.7	0.77	0.91
1000	25000	0.85	624.56	2.2	79.32	12.75	1.61	2.02
1000	50000	1.45	2470.1	5.19	271.31	17	2.87	3.44
1000	100000	2.91	11034.66	10.32	1126.72	45.69	5.75	6.56


miscalculated pools
1000	1000	113	98	94	95	98	86	105
1000	3000	284	305	339	321	331	286	285
1000	10000	1035	1054	1035	1031	1007	1073	1042
1000	25000	2589	2604	2605	2564	2579	2649	2562
1000	50000	5161	5196	5177	5171	5174	5265	5251
1000	100000	10611	10319	10241	10445	10339	10445	10375

discarded pools
1000	1000	747	0	84	0	0	0	39
1000	3000	1448	36	450	35	0	32	172
1000	10000	1559	1792	4007	1796	197	1936	898
1000	25000	2612	11059	20742	11142	2353	10743	2342
1000	50000	5161	25519	47033	25295	14653	25297	4871
1000	100000	10611	51307	94916	51157	45605	50848	9665

false positive pools
1000	1000	0	98	10	95	98	86	66
1000	3000	0	305	25	321	331	286	113
1000	10000	0	1054	79	1031	1007	1073	165
1000	25000	0	2604	201	2564	2579	2649	274
1000	50000	0	5196	394	5171	5174	5265	472
1000	100000	0	10319	767	10445	10339	10445	861

false negative pools
1000	1000	634	0	0	0	0	0	0
1000	3000	1164	36	136	35	0	32	0
1000	10000	524	1792	3051	1796	197	1936	21
1000	25000	23	11059	18338	11142	2353	10743	54
1000	50000	0	25519	42250	25295	14653	25297	92
1000	100000	0	51307	85442	51157	45605	50848	151

gain of malicious
1000	1000	2.735	-1	-0.58	-1	-1	-1	-0.805
1000	3000	1.413333	-0.94	-0.25	-0.941667	-1	-0.946667	-0.713333
1000	10000	-0.2205	-0.104	1.0035	-0.102	-0.9015	-0.032	-0.551
1000	25000	-0.4776	1.2118	3.1484	1.2284	-0.5294	1.1486	-0.5316
1000	50000	-0.4839	1.5519	3.7033	1.5295	0.4653	1.5297	-0.5129
1000	100000	-0.46945	1.56535	3.7458	1.55785	1.28025	1.5424	-0.51675

execution time
1000	1000	0.23	18.5	0.23	2.77	4	0.37	0.39
1000	3000	0.29	34.81	0.42	4.61	4.45	0.48	0.51
1000	10000	0.45	132.7	0.97	16.16	5.48	0.82	1.11
1000	25000	1.49	608.42	2.44	70.21	10.91	1.56	1.82
1000	50000	1.43	2541.63	4.33	264.98	24.42	2.79	3.39
1000	100000	2.83	11492.23	10.99	1087.04	56.16	9.91	10.63


miscalculated pools
1000	1000	98	102	116	106	107	115	97
1000	3000	321	310	299	308	324	323	317
1000	10000	1046	1089	1067	994	1089	1029	1033
1000	25000	2549	2708	2558	2584	2531	2552	2608
1000	50000	5062	5101	5301	5248	5267	5213	5198
1000	100000	10385	10429	10223	10368	10398	10495	10347

discarded pools
1000	1000	804	1	106	1	2	0	45
1000	3000	1350	44	393	29	0	53	219
1000	10000	1568	1968	4254	1717	264	1619	870
1000	25000	2563	10738	20726	10665	2239	11075	2402
1000	50000	5062	25409	46619	25459	16014	25761	4821
1000	100000	10385	51591	94373	51230	43987	50872	9628

false positive pools
1000	1000	0	102	11	106	107	115	52
1000	3000	0	310	18	308	324	323	102
1000	10000	0	1089	82	994	1089	1029	184
1000	25000	0	2708	220	2584	2531	2552	242
1000	50000	0	5101	431	5248	5267	5213	441
1000	100000	0	10429	821	10368	10398	10495	857

false negative pools
1000	1000	706	1	1	1	2	0	0
1000	3000	1029	44	112	29	0	53	4
1000	10000	522	1968	3269	1717	264	1619	21
1000	25000	14	10738	18388	10665	2239	11075	36
1000	50000	0	25409	41749	25459	16014	25761	64
1000	100000	0	51591	84971	51230	43987	50872	138

gain of malicious
1000	1000	3.02	-0.995	-0.47	-0.995	-0.99	-1	-0.775
1000	3000	1.25	-0.926667	-0.345	-0.951667	-1	-0.911667	-0.635
1000	10000	-0.216	-0.016	1.127	-0.1415	-0.868	-0.1905	-0.565
1000	25000	-0.4874	1.1476	3.1452	1.133	-0.5522	1.215	-0.5196
1000	50000	-0.4938	1.5409	3.6619	1.5459	0.6014	1.5761	-0.5179
1000	100000	-0.48075	1.57955	3.71865	1.5615	1.19935	1.5436	-0.5186

execution time
1000	1000	8.21	24.66	0.24	10.05	28.56	12.53	4.06
1000	3000	3.75	41.2	0.39	11.75	28.13	20.82	3.58
1000	10000	3.85	140.07	1.02	14.68	6.21	0.78	0.91
1000	25000	0.84	686.98	2.72	71.76	10.52	1.53	1.88
1000	50000	1.41	2377.28	5.52	272.84	25.85	2.76	7.13
1000	100000	2.76	12012.68	9.73	1066.14	37.68	5.88	6.68


miscalculated pools
1000	1000	98	99	97	87	99	112	112
1000	3000	301	337	315	322	292	303	316
1000	10000	1051	1063	1034	1051	1068	1034	1036
1000	25000	2616	2637	2575	2628	2601	2645	2630
1000	50000	5195	5219	5175	5261	5209	5166	5175
1000	100000	10194	10329	10487	10377	10285	10274	10271

discarded pools
1000	1000	777	0	88	1	0	0	46
1000	3000	1392	56	417	39	0	41	209
1000	10000	1503	2046	4412	1693	230	1844	868
1000	25000	2631	10982	20949	10501	2199	11132	2399
1000	50000	5195	25316	46247	25623	16308	25249	4782
1000	100000	10194	51144	94520	51171	42214	51262	9495

false positive pools
1000	1000	0	99	9	87	99	112	66
1000	3000	0	337	16	322	292	303	108
1000	10000	0	1063	72	1051	1068	1034	186
1000	25000	0	2637	198	2628	2601	2645	261
1000	50000	0	5219	452	5261	5209	5166	428
1000	100000	0	10329	831	10377	10285	10274	817

false negative pools
1000	1000	679	0	0	1	0	0	0
1000	3000	1091	56	118	39	0	41	1
1000	10000	452	2046	3450	1693	230	1844	18
1000	25000	15	10982	18572	10501	2199	11132	30
1000	50000	0	25316	41524	25623	16308	25249	35
1000	100000	0	51144	84864	51171	42214	51262	41

gain of malicious
1000	1000	2.885	-1	-0.56	-0.995	-1	-1	-0.77
1000	3000	1.32	-0.906667	-0.305	-0.935	-1	-0.931667	-0.651667
1000	10000	-0.2485	0.023	1.206	-0.1535	-0.885	-0.078	-0.566
1000	25000	-0.4738	1.1964	3.1898	1.1002	-0.5602	1.2264	-0.5202
1000	50000	-0.4805	1.5316	3.6247	1.5623	0.6308	1.5249	-0.5218
1000	100000	-0.4903	1.5572	3.726	1.55855	1.1107	1.5631	-0.52525

execution time
1000	1000	0.25	18.39	0.19	2.29	2.5	0.4	0.4
1000	3000	0.27	36.64	0.32	4.5	3.33	0.45	0.52
1000	10000	0.53	133.38	1.32	15.99	6.15	0.81	0.89
1000	25000	3.82	638.8	2.15	74.43	10.64	1.64	1.84
1000	50000	1.42	2398.23	4.19	270.4	21.25	2.73	3.54
1000	100000	2.73	11525.27	8.9	1068.26	54.95	7.67	6.54


miscalculated pools
1000	1000	97	118	98	116	100	92	105
1000	3000	314	305	328	297	308	325	281
1000	10000	1003	1079	1066	983	1019	1050	1052
1000	25000	2577	2474	2531	2597	2661	2647	2664
1000	50000	5197	5204	5240	5260	5158	5229	5334
1000	100000	10230	10316	10345	10272	10327	10190	10383

discarded pools
1000	1000	761	0	93	1	0	1	50
1000	3000	1393	46	411	44	0	35	177
1000	10000	1527	2010	4385	1453	158	1723	875
1000	25000	2611	10999	20447	10611	2701	10512	2415
1000	50000	5197	25705	47072	25441	15251	25462	4898
1000	100000	10230	51032	94782	51060	44311	51135	9631

false positive pools
1000	1000	0	118	5	116	100	92	55
1000	3000	0	305	33	297	308	325	106
1000	10000	0	1079	99	983	1019	1050	198
1000	25000	0	2474	201	2597	2661	2647	294
1000	50000	0	5204	357	5260	5158	5229	489
1000	100000	0	10316	783	10272	10327	10190	842

false negative pools
1000	1000	664	0	0	1	0	1	0
1000	3000	1079	46	116	44	0	35	2
1000	10000	524	2010	3418	1453	158	1723	21
1000	25000	34	10999	18117	10611	2701	10512	45
1000	50000	0	25705	42189	25441	15251	25462	53
1000	100000	0	51032	85220	51060	44311	51135	90

gain of malicious
1000	1000	2.805	-1	-0.535	-0.995	-1	-0.995	-0.75
1000	3000	1.321667	-0.923333	-0.315	-0.926667	-1	-0.941667	-0.705
1000	10000	-0.2365	0.005	1.1925	-0.2735	-0.921	-0.1385	-0.5625
1000	25000	-0.4778	1.1998	3.0894	1.1222	-0.4598	1.1024	-0.517
1000	50000	-0.4803	1.5705	3.7072	1.5441	0.5251	1.5462	-0.5102
1000	100000	-0.4885	1.5516	3.7391	1.553	1.21555	1.55675	-0.51845

execution time
1000	1000	0.23	20.18	0.21	2.45	4.04	0.35	0.39
1000	3000	0.35	32.8	0.46	4.31	4.99	0.44	0.52
1000	10000	0.44	130.37	0.9	15.01	6.97	0.77	1.01
1000	25000	0.89	547.44	2.19	73.65	11.27	1.71	1.94
1000	50000	1.49	2481.87	5.31	266.55	22.32	2.95	4.63
1000	100000	2.74	11586.79	9.67	1056.93	38.54	5.79	6.6


miscalculated pools
1000	1000	99	113	107	114	94	75	103
1000	3000	313	301	312	311	331	338	295
1000	10000	1017	990	999	1094	1078	1027	1070
1000	25000	2592	2593	2594	2663	2558	2575	2650
1000	50000	5310	5117	5256	5271	5175	5212	5252
1000	100000	10386	10123	10206	10418	10333	10375	10233

discarded pools
1000	1000	767	0	102	1	1	0	35
1000	3000	1392	41	374	44	0	44	193
1000	10000	1523	1582	3856	1928	218	1759	910
1000	25000	2621	10626	20529	10854	2422	11360	2439
1000	50000	5310	25480	47253	25486	15705	25116	4858
1000	100000	10386	51172	94614	51346	43781	50832	9485

false positive pools
1000	1000	0	113	8	114	94	75	68
1000	3000	0	301	31	311	331	338	102
1000	10000	0	990	80	1094	1078	1027	181
1000	25000	0	2593	229	2663	2558	2575	260
1000	50000	0	5117	383	5271	5175	5212	449
1000	100000	0	10123	775	10418	10333	10375	881

false negative pools
1000	1000	668	0	3	1	1	0	0
1000	3000	1079	41	93	44	0	44	0
1000	10000	506	1582	2937	1928	218	1759	21
1000	25000	29	10626	18164	10854	2422	11360	49
1000	50000	0	25480	42380	25486	15705	25116	55
1000	100000	0	51172	85183	51346	43781	50832	133

gain of malicious
1000	1000	2.835	-1	-0.49	-0.995	-0.995	-1	-0.825
1000	3000	1.32	-0.931667	-0.376667	-0.926667	-1	-0.926667	-0.678333
1000	10000	-0.2385	-0.209	0.928	-0.036	-0.891	-0.1205	-0.545
1000	25000	-0.4758	1.1252	3.1058	1.1708	-0.5156	1.272	-0.5122
1000	50000	-0.469	1.548	3.7253	1.5486	0.5705	1.5116	-0.5142
1000	100000	-0.4807	1.5586	3.7307	1.5673	1.18905	1.5416	-0.52575

execution time
1000	1000	0.22	19.72	0.31	2.38	2.31	0.36	0.4
1000	3000	0.27	33.88	0.49	4.56	3.18	0.54	0.51
1000	10000	0.45	114.54	1.06	17.7	6.09	0.76	0.96
1000	25000	0.82	622.59	2.67	75.83	11.17	3.92	1.9
1000	50000	1.54	2279.16	4.82	279.56	16.82	2.79	3.47
1000	100000	2.66	9994.15	9.8	1084.58	45.54	6.69	6.53


miscalculated pools
1000	1000	106	112	99	108	81	94	101
1000	3000	304	316	292	297	331	294	325
1000	10000	1010	1071	1024	1026	1018	978	1054
1000	25000	2579	2580	2560	2654	2572	2530	2530
1000	50000	5119	5210	5155	5084	5215	5269	5376
1000	100000	10248	10592	10268	10279	10361	10173	10463

discarded pools
1000	1000	770	1	96	0	0	0	48
1000	3000	1380	46	391	50	40	42	215
1000	10000	1579	1847	3811	1792	227	1682	904
1000	25000	2612	10907	20410	10883	2126	10526	2300
1000	50000	5119	25336	46956	25369	15362	25270	5018
1000	100000	10248	50846	94764	51396	45030	51285	9674

false positive pools
1000	1000	0	112	6	108	81	94	53
1000	3000	0	316	18	297	331	294	111
1000	10000	0	1071	85	1026	1018	978	170
1000	25000	0	2580	200	2654	2572	2530	247
1000	50000	0	5210	395	5084	5215	5269	442
1000	100000	0	10592	764	10279	10361	10173	843

false negative pools
1000	1000	664	1	3	0	0	0	0
1000	3000	1076	46	117	50	40	42	1
1000	10000	569	1847	2872	1792	227	1682	20
1000	25000	33	10907	18050	10883	2126	10526	17
1000	50000	0	25336	42196	25369	15362	25270	84
1000	100000	0	50846	85260	51396	45030	51285	54

gain of malicious
1000	1000	2.85	-0.995	-0.52	-1	-1	-1	-0.76
1000	3000	1.3	-0.923333	-0.348333	-0.916667	-0.933333	-0.93	-0.641667
1000	10000	-0.2105	-0.0765	0.9055	-0.104	-0.8865	-0.159	-0.548
1000	25000	-0.4776	1.1814	3.082	1.1766	-0.5748	1.1052	-0.54
1000	50000	-0.4881	1.5336	3.6956	1.5369	0.5362	1.527	-0.4982
1000	100000	-0.4876	1.5423	3.7382	1.5698	1.2515	1.56425	-0.5163

execution time
1000	1000	0.22	19.56	0.28	2.4	2.36	0.39	0.38
1000	3000	0.27	34.69	0.5	4.21	4.11	0.47	0.51
1000	10000	0.44	131.56	1.44	16.69	6.16	0.75	0.96
1000	25000	0.8	595.72	2.25	78.8	12.21	1.53	1.77
1000	50000	1.43	2512.36	4.78	258.29	25.21	2.84	3.51
1000	100000	2.71	11929.46	9.82	1051.11	45.65	5.97	6.69


miscalculated pools
1000	1000	98	105	106	95	105	120	92
1000	3000	292	314	299	299	294	275	293
1000	10000	1062	1039	1045	1014	982	1008	1011
1000	25000	2633	2584	2599	2599	2567	2607	2635
1000	50000	5235	5140	5115	5304	5168	5133	5281
1000	100000	10403	10279	10286	10431	10310	10386	10339

discarded pools
1000	1000	756	1	103	0	0	2	45
1000	3000	1496	39	359	37	0	25	198
1000	10000	1526	1859	4456	1598	140	1644	837
1000	25000	2651	10707	20977	11125	6538	11182	2366
1000	50000	5235	25580	46824	25585	16338	25523	4875
1000	100000	10403	51342	94765	51279	45164	51245	9567

false positive pools
1000	1000	0	105	8	95	105	120	47
1000	3000	0	314	31	299	294	275	97
1000	10000	0	1039	80	1014	982	1008	196
1000	25000	0	2584	200	2599	2567	2607	309
1000	50000	0	5140	390	5304	5168	5133	432
1000	100000	0	10279	764	10431	10310	10386	836

false negative pools
1000	1000	658	1	5	0	0	2	0
1000	3000	1204	39	91	37	0	25	2
1000	10000	464	1859	3491	1598	140	1644	22
1000	25000	18	10707	18578	11125	6538	11182	40
1000	50000	0	25580	42099	25585	16338	25523	26
1000	100000	0	51342	85243	51279	45164	51245	64

gain of malicious
1000	1000	2.78	-0.995	-0.485	-1	-1	-0.99	-0.775
1000	3000	1.493333	-0.935	-0.401667	-0.938333	-1	-0.958333	-0.67
1000	10000	-0.237	-0.0705	1.228	-0.201	-0.93	-0.178	-0.5815
1000	25000	-0.4698	1.1414	3.1954	1.225	0.3076	1.2364	-0.5268
1000	50000	-0.4765	1.558	3.6824	1.5585	0.6338	1.5523	-0.5125
1000	100000	-0.47985	1.5671	3.73825	1.56395	1.2582	1.56225	-0.52165

execution time
1000	1000	0.23	19.41	0.27	2.33	2.64	0.34	0.38
1000	3000	0.28	35.07	0.45	4.48	3.37	0.46	1.95
1000	10000	0.51	136.91	1.23	15.67	5.03	0.82	0.96
1000	25000	0.8	600.13	2.79	72.53	9.03	1.58	1.89
1000	50000	1.49	2351.22	5.18	276.64	22.07	2.88	3.63
1000	100000	2.84	11594.7	10.27	1076.8	36.32	5.9	6.53


miscalculated pools
1000	1000	95	104	103	113	110	111	100
1000	3000	317	323	330	324	319	298	347
1000	10000	1082	1059	1116	1020	964	1035	991
1000	25000	2593	2463	2562	2736	2560	2655	2680
1000	50000	5214	5186	5174	5378	5144	5077	5132
1000	100000	10508	10385	10308	10452	10288	10345	10362

discarded pools
1000	1000	771	2	96	1	1	1	41
1000	3000	1317	49	402	34	1	29	226
1000	10000	1521	1783	4862	1766	172	1881	840
1000	25000	2640	10632	20629	11011	2557	11200	2456
1000	50000	5214	25515	46618	25004	14707	25522	4694
1000	100000	10508	51060	94622	51038	44058	51028	9591

false positive pools
1000	1000	0	104	10	113	110	111	59
1000	3000	0	323	30	324	319	298	124
1000	10000	0	1059	74	1020	964	1035	171
1000	25000	0	2463	198	2736	2560	2655	258
1000	50000	0	5186	411	5378	5144	5077	492
1000	100000	0	10385	799	10452	10288	10345	849

false negative pools
1000	1000	676	2	3	1	1	1	0
1000	3000	1000	49	102	34	1	29	3
1000	10000	439	1783	3820	1766	172	1881	20
1000	25000	47	10632	18265	11011	2557	11200	34
1000	50000	0	25515	41855	25004	14707	25522	54
1000	100000	0	51060	85113	51038	44058	51028	78

gain of malicious
1000	1000	2.855	-0.99	-0.52	-0.995	-0.995	-0.995	-0.795
1000	3000	1.195	-0.918333	-0.33	-0.943333	-0.998333	-0.951667	-0.623333
1000	10000	-0.2395	-0.1085	1.431	-0.117	-0.914	-0.0595	-0.58
1000	25000	-0.472	1.1264	3.1258	1.2022	-0.4886	1.24	-0.5088
1000	50000	-0.4786	1.5515	3.6618	1.5004	0.4707	1.5522	-0.5306
1000	100000	-0.4746	1.553	3.7311	1.5519	1.2029	1.5514	-0.52045

execution time
1000	1000	0.22	19.14	0.28	2.43	2.44	0.42	0.38
1000	3000	0.27	34.22	0.63	4.74	3.27	0.48	0.53
1000	10000	0.45	128.79	1.29	15.31	8.89	0.76	0.9
1000	25000	0.86	556.36	2.21	81.28	11.55	1.6	1.94
1000	50000	1.49	2521.48	4.56	294.55	17.34	2.84	3.43
1000	100000	2.73	11959.66	9.53	1110.58	46.33	6.05	8.74


miscalculated pools
1000	1000	104	105	94	90	103	94	109
1000	3000	312	305	296	285	319	298	317
1000	10000	1076	1023	1040	1000	1019	998	1037
1000	25000	2574	2628	2595	2629	2654	2570	2588
1000	50000	5214	5144	5197	5284	5086	5183	5176
1000	100000	10236	10253	10376	10408	10347	10263	10333

discarded pools
1000	1000	755	0	92	0	101	2	57
1000	3000	1385	26	352	33	0	30	206
1000	10000	1523	1779	4255	1716	183	1595	870
1000	25000	2603	10749	20993	10913	6664	11129	2338
1000	50000	5214	25236	46520	25122	14728	25206	4774
1000	100000	10236	50994	94404	50847	43136	51164	9510

false positive pools
1000	1000	0	105	4	90	5	94	52
1000	3000	0	305	28	285	319	298	117
1000	10000	0	1023	75	1000	1019	998	187
1000	25000	0	2628	167	2629	2654	2570	299
1000	50000	0	5144	420	5284	5086	5183	459
1000	100000	0	10253	847	10408	10347	10263	880

false negative pools
1000	1000	651	0	2	0	3	2	0
1000	3000	1073	26	84	33	0	30	6
1000	10000	447	1779	3290	1716	183	1595	20
1000	25000	29	10749	18565	10913	6664	11129	49
1000	50000	0	25236	41743	25122	14728	25206	57
1000	100000	0	50994	84875	50847	43136	51164	57

gain of malicious
1000	1000	2.775	-1	-0.54	-1	-0.495	-0.99	-0.715
1000	3000	1.308333	-0.956667	-0.413333	-0.945	-1	-0.95	-0.656667
1000	10000	-0.2385	-0.1105	1.1275	-0.142	-0.9085	-0.2025	-0.565
1000	25000	-0.4794	1.1498	3.1986	1.1826	0.3328	1.2258	-0.5324
1000	50000	-0.4786	1.5236	3.652	1.5122	0.4728	1.5206	-0.5226
1000	100000	-0.4882	1.5497	3.7202	1.54235	1.1568	1.5582	-0.5245

execution time
1000	1000	0.23	19.44	0.17	2.25	2.89	0.31	0.38
1000	3000	0.28	32.93	0.32	4.13	3.49	0.46	0.52
1000	10000	0.52	116.43	0.94	15.73	5.83	0.79	0.93
1000	25000	0.85	613.76	2.01	74.26	7.39	1.54	1.88
1000	50000	1.43	2366.98	4.56	271.74	23.98	2.75	3.51
1000	100000	2.68	10628.56	9.17	1117.88	45.65	5.8	6.75


miscalculated pools
1000	1000	89	101	102	115	107	97	106
1000	3000	287	321	347	323	328	307	333
1000	10000	1088	1042	1054	1066	1038	1019	1089
1000	25000	2567	2576	2554	2561	2576	2558	2484
1000	50000	5207	5258	5161	5118	5177	5147	5146
1000	100000	10333	10384	10349	10441	10466	10147	10473

discarded pools
1000	1000	800	1	99	0	0	1	51
1000	3000	1470	40	446	58	1	53	220
1000	10000	1469	1908	4210	1687	198	1571	926
1000	25000	2577	10744	20386	10565	2495	11095	2259
1000	50000	5207	25205	47103	25186	15852	25294	4770
1000	100000	10333	51084	94583	51360	44668	51194	9683

false positive pools
1000	1000	0	101	4	115	107	97	55
1000	3000	0	321	36	323	328	307	114
1000	10000	0	1042	96	1066	1038	1019	179
1000	25000	0	2576	205	2561	2576	2558	256
1000	50000	0	5258	395	5118	5177	5147	427
1000	100000	0	10384	793	10441	10466	10147	853

false negative pools
1000	1000	711	1	1	0	0	1	0
1000	3000	1183	40	135	58	1	53	1
1000	10000	381	1908	3252	1687	198	1571	16
1000	25000	10	10744	18037	10565	2495	11095	31
1000	50000	0	25205	42337	25186	15852	25294	51
1000	100000	0	51084	85027	51360	44668	51194	63

gain of malicious
1000	1000	3	-0.995	-0.505	-1	-1	-0.995	-0.745
1000	3000	1.45	-0.933333	-0.256667	-0.903333	-0.998333	-0.911667	-0.633333
1000	10000	-0.2655	-0.046	1.105	-0.1565	-0.901	-0.2145	-0.537
1000	25000	-0.4846	1.1488	3.0772	1.113	-0.501	1.219	-0.5482
1000	50000	-0.4793	1.5205	3.7103	1.5186	0.5852	1.5294	-0.523
1000	100000	-0.48335	1.5542	3.72915	1.568	1.2334	1.5597	-0.51585

execution time
1000	1000	0.35	19.24	0.24	2.42	2.44	0.36	0.44
1000	3000	0.27	34.98	0.48	4.4	2.84	0.46	0.58
1000	10000	0.47	132.79	1.32	19.14	5.97	0.76	0.98
1000	25000	0.88	610.96	2.42	71.32	12.59	1.55	1.79
1000	50000	1.46	2546.01	5.32	255.16	21.3	2.76	3.43
1000	100000	2.76	11901.23	10.35	1072.69	46.35	6.85	6.69


miscalculated pools
1000	1000	112	108	96	95	118	96	103
1000	3000	329	310	280	291	313	332	311
1000	10000	1053	1011	1028	1029	1038	1039	1045
1000	25000	2553	2603	2532	2596	2673	2528	2607
1000	50000	5250	5205	5208	5134	5341	5170	5245
1000	100000	10340	10247	10380	10391	10114	10480	10371

discarded pools
1000	1000	763	1	83	1	0	1	42
1000	3000	1385	36	349	27	0	45	208
1000	10000	1483	1634	4119	1543	197	1745	865
1000	25000	2574	11264	20487	10969	2639	10449	2356
1000	50000	5251	25322	46750	25143	16306	25380	4842
1000	100000	10340	51091	95031	51092	43221	50874	9580

false positive pools
1000	1000	0	108	13	95	118	96	61
1000	3000	0	310	23	291	313	332	104
1000	10000	0	1011	86	1029	1038	1039	192
1000	25000	0	2603	203	2596	2673	2528	272
1000	50000	0	5205	404	5134	5341	5170	445
1000	100000	0	10247	735	10391	10114	10480	870

false negative pools
1000	1000	651	1	0	1	0	1	0
1000	3000	1056	36	92	27	0	45	1
1000	10000	430	1634	3177	1543	197	1745	12
1000	25000	21	11264	18158	10969	2639	10449	21
1000	50000	1	25322	41946	25143	16306	25380	42
1000	100000	0	51091	85386	51092	43221	50874	79

gain of malicious
1000	1000	2.815	-0.995	-0.585	-0.995	-1	-0.995	-0.79
1000	3000	1.308333	-0.94	-0.418333	-0.955	-1	-0.925	-0.653333
1000	10000	-0.2585	-0.183	1.0595	-0.2285	-0.9015	-0.1275	-0.5675
1000	25000	-0.4852	1.2528	3.0974	1.1938	-0.4722	1.0898	-0.5288
1000	50000	-0.4749	1.5322	3.675	1.5143	0.6306	1.538	-0.5158
1000	100000	-0.483	1.55455	3.75155	1.5546	1.16105	1.5437	-0.521

execution time
1000	1000	0.22	19.32	0.23	2.24	5.01	0.35	0.41
1000	3000	0.29	35.44	0.41	4.13	3.31	0.49	0.5
1000	10000	0.56	121.08	0.84	20.25	5.17	0.78	0.93
1000	25000	0.87	629.92	2.48	73.16	13.26	1.54	1.9
1000	50000	1.46	2531.84	4.81	258.63	21.95	2.8	3.41
1000	100000	2.73	10728.31	8.52	1109.51	45.86	6.04	6.53


miscalculated pools
1000	1000	101	109	117	98	107	94	83
1000	3000	304	316	348	332	318	300	293
1000	10000	1038	1031	985	1010	1098	1024	995
1000	25000	2563	2584	2548	2602	2555	2622	2514
1000	50000	5190	5141	5307	5185	5199	5115	5276
1000	100000	10287	10516	10470	10471	10379	10383	10271

discarded pools
1000	1000	769	0	107	0	0	0	34
1000	3000	1361	41	439	44	0	52	187
1000	10000	1529	1777	4269	1852	218	1732	846
1000	25000	2624	11270	19976	11121	2181	11212	2322
1000	50000	5190	25416	46905	25243	16252	25572	4879
1000	100000	10287	51157	94737	51354	42668	51139	9532

false positive pools
1000	1000	0	109	13	98	107	94	49
1000	3000	0	316	23	332	318	300	107
1000	10000	0	1031	79	1010	1098	1024	175
1000	25000	0	2584	221	2602	2555	2622	238
1000	50000	0	5141	391	5185	5199	5115	450
1000	100000	0	10516	769	10471	10379	10383	833

false negative pools
1000	1000	668	0	3	0	0	0	0
1000	3000	1057	41	114	44	0	52	1
1000	10000	491	1777	3363	1852	218	1732	26
1000	25000	61	11270	17649	11121	2181	11212	46
1000	50000	0	25416	41989	25243	16252	25572	53
1000	100000	0	51157	85036	51354	42668	51139	94

gain of malicious
1000	1000	2.845	-1	-0.465	-1	-1	-1	-0.83
1000	3000	1.268333	-0.931667	-0.268333	-0.926667	-1	-0.913333	-0.688333
1000	10000	-0.2355	-0.1115	1.1345	-0.074	-0.891	-0.134	-0.577
1000	25000	-0.4752	1.254	2.9952	1.2242	-0.5638	1.2424	-0.5356
1000	50000	-0.481	1.5416	3.6905	1.5243	0.6252	1.5572	-0.5121
1000	100000	-0.48565	1.55785	3.73685	1.5677	1.1334	1.55695	-0.5234

execution time
1000	1000	0.22	18.51	0.24	2.33	2.99	0.39	0.38
1000	3000	0.27	35.13	0.37	4.68	3.17	0.46	0.52
1000	10000	0.45	128.33	0.7	15.03	4.36	0.77	0.97
1000	25000	0.84	602	1.82	73.26	10.36	1.6	1.8
1000	50000	1.42	2355.4	4.4	278.48	25.2	2.79	3.4
1000	100000	4.7	12418.05	8.64	1130.03	45.95	5.95	6.66


miscalculated pools
1000	1000	86	91	102	92	104	106	97
1000	3000	308	328	328	297	327	308	310
1000	10000	1042	1055	1068	987	1049	1017	994
1000	25000	2602	2571	2630	2555	2544	2599	2632
1000	50000	5297	5225	5137	5204	5192	5318	5080
1000	100000	10189	10355	10382	10399	10261	10215	10631

discarded pools
1000	1000	792	0	93	1	0	0	37
1000	3000	1360	48	430	38	689	37	203
1000	10000	1528	1555	4380	1640	178	1669	851
1000	25000	2621	11295	20186	11009	5988	10627	2370
1000	50000	5297	25290	47300	25481	16354	25356	4678
1000	100000	10189	51322	94317	51035	45271	51247	9837

false positive pools
1000	1000	0	91	12	92	104	106	60
1000	3000	0	328	25	297	309	308	107
1000	10000	0	1055	96	987	1049	1017	161
1000	25000	0	2571	188	2555	2544	2599	283
1000	50000	0	5225	376	5204	5192	5318	432
1000	100000	0	10355	834	10399	10261	10215	855

false negative pools
1000	1000	706	0	3	1	0	0	0
1000	3000	1052	48	127	38	671	37	0
1000	10000	486	1555	3408	1640	178	1669	18
1000	25000	19	11295	17744	11009	5988	10627	21
1000	50000	0	25290	42539	25481	16354	25356	30
1000	100000	0	51322	84769	51035	45271	51247	61

gain of malicious
1000	1000	2.96	-1	-0.535	-0.995	-1	-1	-0.815
1000	3000	1.266667	-0.92	-0.283333	-0.936667	0.148333	-0.938333	-0.661667
1000	10000	-0.236	-0.2225	1.19	-0.18	-0.911	-0.1655	-0.5745
1000	25000	-0.4758	1.259	3.0372	1.2018	0.1976	1.1254	-0.526
1000	50000	-0.4703	1.529	3.73	1.5481	0.6354	1.5356	-0.5322
1000	100000	-0.49055	1.5661	3.71585	1.55175	1.26355	1.56235	-0.50815

execution time
1000	1000	0.22	18.24	0.19	2.28	2.47	0.34	0.39
1000	3000	0.27	34.43	0.29	4.22	3.27	0.46	0.51
1000	10000	0.48	131.11	0.94	14.87	6.08	0.87	0.91
1000	25000	0.93	597.28	2.08	71.27	8.91	1.59	1.96
1000	50000	1.52	2329.08	3.4	265.67	21.19	2.91	3.45
1000	100000	3.26	11720.63	6.11	1082.04	53.65	5.78	6.7


miscalculated pools
1000	1000	102	92	92	101	105	100	93
1000	3000	315	307	310	275	320	314	329
1000	10000	998	1026	1037	1080	1051	1046	1052
1000	25000	2616	2590	2497	2676	2536	2583	2531
1000	50000	5146	5222	5219	5107	5286	5133	5137
1000	100000	10342	10473	10355	10382	10332	10383	10276

discarded pools
1000	1000	742	1	90	0	0	0	46
1000	3000	1373	40	399	45	0	45	209
1000	10000	1538	1831	4241	1892	200	1849	884
1000	25000	2640	10880	20786	11366	2214	11233	2271
1000	50000	5147	25177	46779	25307	15569	25617	4728
1000	100000	10342	51054	94781	51200	43979	51094	9539

false positive pools
1000	1000	0	92	5	101	105	100	47
1000	3000	0	307	20	275	320	314	123
1000	10000	0	1026	61	1080	1051	1046	182
1000	25000	0	2590	174	2676	2536	2583	285
1000	50000	0	5222	406	5107	5286	5133	455
1000	100000	0	10473	777	10382	10332	10383	846

false negative pools
1000	1000	640	1	3	0	0	0	0
1000	3000	1058	40	109	45	0	45	3
1000	10000	540	1831	3265	1892	200	1849	14
1000	25000	24	10880	18463	11366	2214	11233	25
1000	50000	1	25177	41966	25307	15569	25617	46
1000	100000	0	51054	85203	51200	43979	51094	109

gain of malicious
1000	1000	2.71	-0.995	-0.55	-1	-1	-1	-0.77
1000	3000	1.288333	-0.933333	-0.335	-0.925	-1	-0.925	-0.651667
1000	10000	-0.231	-0.0845	1.1205	-0.054	-0.9	-0.0755	-0.558
1000	25000	-0.472	1.176	3.1572	1.2732	-0.5572	1.2466	-0.5458
1000	50000	-0.4853	1.5177	3.6779	1.5307	0.5569	1.5617	-0.5272
1000	100000	-0.4829	1.5527	3.73905	1.56	1.19895	1.5547	-0.52305

execution time
1000	1000	0.26	21.04	0.19	2.28	3.04	0.34	0.35
1000	3000	0.27	33.73	0.24	3.95	2.92	0.45	0.52
1000	10000	1.85	129.68	0.6	17.22	5.25	0.8	0.98
1000	25000	0.92	600.92	1.7	77.33	12.89	1.64	2.5
1000	50000	3.98	2391	3.3	255.68	21.77	2.86	3.37
1000	100000	2.7	12131.88	5.57	1084.2	45.53	6.73	7.14


miscalculated pools
1000	1000	84	101	110	104	96	98	105
1000	3000	314	339	296	327	334	341	329
1000	10000	1090	1082	1061	1053	985	1007	1074
1000	25000	2589	2565	2615	2601	2590	2641	2599
1000	50000	5199	5225	5159	5284	5138	5191	5206
1000	100000	10410	10403	10250	10260	10298	10459	10279

discarded pools
1000	1000	771	2	109	1	0	1	44
1000	3000	1368	57	358	44	1	57	198
1000	10000	1485	1888	4592	1920	177	1633	924
1000	25000	2620	11357	21124	10598	7151	10650	2347
1000	50000	5199	25413	46844	25229	14171	25247	4785
1000	100000	10410	51075	94479	51175	43549	50842	9480

false positive pools
1000	1000	0	101	5	104	96	98	61
1000	3000	0	339	23	327	334	341	134
1000	10000	0	1082	72	1053	985	1007	171
1000	25000	0	2565	207	2601	2590	2641	281
1000	50000	0	5225	397	5284	5138	5191	476
1000	100000	0	10403	794	10260	10298	10459	863

false negative pools
1000	1000	687	2	4	1	0	1	0
1000	3000	1054	57	85	44	1	57	3
1000	10000	395	1888	3603	1920	177	1633	21
1000	25000	31	11357	18716	10598	7151	10650	29
1000	50000	0	25413	42082	25229	14171	25247	55
1000	100000	0	51075	85023	51175	43549	50842	64

gain of malicious
1000	1000	2.855	-0.99	-0.455	-0.995	-1	-0.995	-0.78
1000	3000	1.28	-0.905	-0.403333	-0.926667	-0.998333	-0.905	-0.67
1000	10000	-0.2575	-0.056	1.296	-0.04	-0.9115	-0.1835	-0.538
1000	25000	-0.476	1.2714	3.2248	1.1196	0.4302	1.13	-0.5306
1000	50000	-0.4801	1.5413	3.6844	1.5229	0.4171	1.5247	-0.5215
1000	100000	-0.4795	1.55375	3.72395	1.55875	1.17745	1.5421	-0.526

execution time
1000	1000	0.22	18.96	0.16	2.34	2.5	0.35	0.39
1000	3000	0.38	36.61	0.2	4.61	3.41	0.46	0.51
1000	10000	0.45	132.44	0.44	15.95	8.28	0.79	0.98
1000	25000	0.83	589.52	0.95	74.04	7.33	1.58	1.97
1000	50000	1.45	2456.61	1.81	270.69	24.87	3.65	3.48
1000	100000	2.74	11427.52	3.69	1045.91	45.63	6.07	6.64


miscalculated pools
1000	1000	102	97	107	109	110	118	99
1000	3000	321	318	325	302	315	331	300
1000	10000	1062	1011	1040	1023	1052	1062	1040
1000	25000	2597	2631	2612	2593	2554	2526	2607
1000	50000	5375	5148	5148	5113	5167	5223	5121
1000	100000	10408	10295	10309	10279	10279	10500	10384

discarded pools
1000	1000	803	0	109	0	0	1	46
1000	3000	1412	53	428	43	0	41	189
1000	10000	1482	1622	4230	1794	222	1870	893
1000	25000	2614	11362	21016	11196	2492	11107	2352
1000	50000	5375	25393	46858	25674	15949	25515	4732
1000	100000	10408	51200	94447	51166	43013	51120	9626

false positive pools
1000	1000	0	97	5	109	110	118	53
1000	3000	0	318	18	302	315	331	114
1000	10000	0	1011	83	1023	1052	1062	163
1000	25000	0	2631	195	2593	2554	2526	287
1000	50000	0	5148	393	5113	5167	5223	445
1000	100000	0	10295	804	10279	10279	10500	886

false negative pools
1000	1000	701	0	7	0	0	1	0
1000	3000	1091	53	121	43	0	41	3
1000	10000	420	1622	3273	1794	222	1870	16
1000	25000	17	11362	18599	11196	2492	11107	32
1000	50000	0	25393	42103	25674	15949	25515	56
1000	100000	0	51200	84942	51166	43013	51120	128

gain of malicious
1000	1000	3.015	-1	-0.455	-1	-1	-0.995	-0.77
1000	3000	1.353333	-0.911667	-0.286667	-0.928333	-1	-0.931667	-0.685
1000	10000	-0.259	-0.189	1.115	-0.103	-0.889	-0.065	-0.5535
1000	25000	-0.4772	1.2724	3.2032	1.2392	-0.5016	1.2214	-0.5296
1000	50000	-0.4625	1.5393	3.6858	1.5674	0.5949	1.5515	-0.5268
1000	100000	-0.4796	1.56	3.72235	1.5583	1.15065	1.556	-0.5187

execution time
1000	1000	0.4	21.28	0.15	2.35	2.73	0.39	0.38
1000	3000	0.29	35.27	0.22	4.23	2.89	0.45	0.54
1000	10000	0.48	118.91	0.4	15.32	5.37	0.8	0.94
1000	25000	0.86	589.01	1.04	75.22	11.13	1.54	1.91
1000	50000	1.49	2322.31	1.82	268.38	24.65	2.81	3.54
1000	100000	2.7	11287.34	3.68	1060.05	45.54	6.08	6.65


miscalculated pools
1000	1000	110	115	110	101	93	99	95
1000	3000	320	311	293	321	352	318	312
1000	10000	1044	1017	1018	1028	1048	1038	1102
1000	25000	2606	2632	2674	2548	2547	2539	2598
1000	50000	5133	5169	5078	5179	5275	5160	5126
1000	100000	10360	10369	10458	10481	10298	10249	10490

discarded pools
1000	1000	756	1	109	1	0	0	40
1000	3000	1318	39	363	26	0	50	211
1000	10000	1545	1735	4023	1504	185	1871	924
1000	25000	2641	10870	20843	10869	1958	10895	2378
1000	50000	5133	25428	46829	25145	16170	25182	4738
1000	100000	10360	51070	94537	51058	42791	51108	9673

false positive pools
1000	1000	0	115	4	101	93	99	55
1000	3000	0	311	20	321	352	318	103
1000	10000	0	1017	87	1028	1048	1038	191
1000	25000	0	2632	216	2548	2547	2539	257
1000	50000	0	5169	405	5179	5275	5160	436
1000	100000	0	10369	814	10481	10298	10249	870

false negative pools
1000	1000	646	1	3	1	0	0	0
1000	3000	998	39	90	26	0	50	2
1000	10000	501	1735	3092	1504	185	1871	13
1000	25000	35	10870	18385	10869	1958	10895	37
1000	50000	0	25428	42156	25145	16170	25182	48
1000	100000	0	51070	84893	51058	42791	51108	53

gain of malicious
1000	1000	2.78	-0.995	-0.455	-0.995	-1	-1	-0.8
1000	3000	1.196667	-0.935	-0.395	-0.956667	-1	-0.916667	-0.648333
1000	10000	-0.2275	-0.1325	1.0115	-0.248	-0.9075	-0.0645	-0.538
1000	25000	-0.4718	1.174	3.1686	1.1738	-0.6084	1.179	-0.5244
1000	50000	-0.4867	1.5428	3.6829	1.5145	0.617	1.5182	-0.5262
1000	100000	-0.482	1.5535	3.72685	1.5529	1.13955	1.5554	-0.51635

execution time
1000	1000	0.22	19.47	0.14	2.48	2.56	0.34	0.36
1000	3000	0.28	34.14	0.21	4.61	4.02	0.45	0.55
1000	10000	1.22	127.99	0.41	16.12	4.8	0.76	1.85
1000	25000	0.83	610.23	0.99	73.68	9.05	1.64	1.85
1000	50000	1.49	2512.16	1.83	276.81	17.9	2.79	3.41
1000	100000	2.77	11434.84	3.53	1135.8	46.55	5.98	6.62


miscalculated pools
1000	1000	100	108	95	114	99	108	88
1000	3000	297	312	321	316	296	298	342
1000	10000	1042	1055	1041	996	1032	1038	1038
1000	25000	2681	2586	2638	2544	2577	2649	2538
1000	50000	5190	5172	5056	5254	5092	5148	5210
1000	100000	10602	10260	10233	10437	10288	10361	10262

discarded pools
1000	1000	788	1	92	1	0	0	31
1000	3000	1408	26	386	36	0	37	217
1000	10000	1492	1865	4057	1561	204	1793	890
1000	25000	2711	10433	20978	10822	2439	11215	2306
1000	50000	5190	25245	47211	25361	15290	25407	4774
1000	100000	10602	51238	94599	51113	43713	51241	9519

false positive pools
1000	1000	0	108	5	114	99	108	57
1000	3000	0	312	33	316	296	298	128
1000	10000	0	1055	83	996	1032	1038	165
1000	25000	0	2586	201	2544	2577	2649	264
1000	50000	0	5172	369	5254	5092	5148	486
1000	100000	0	10260	791	10437	10288	10361	876

false negative pools
1000	1000	688	1	2	1	0	0	0
1000	3000	1111	26	98	36	0	37	3
1000	10000	450	1865	3099	1561	204	1793	17
1000	25000	30	10433	18541	10822	2439	11215	32
1000	50000	0	25245	42524	25361	15290	25407	50
1000	100000	0	51238	85157	51113	43713	51241	133

gain of malicious
1000	1000	2.94	-0.995	-0.54	-0.995	-1	-1	-0.845
1000	3000	1.346667	-0.956667	-0.356667	-0.94	-1	-0.938333	-0.638333
1000	10000	-0.254	-0.0675	1.0285	-0.2195	-0.898	-0.1035	-0.555
1000	25000	-0.4578	1.0866	3.1956	1.1644	-0.5122	1.243	-0.5388
1000	50000	-0.481	1.5245	3.7211	1.5361	0.529	1.5407	-0.5226
1000	100000	-0.4699	1.5619	3.72995	1.55565	1.18565	1.56205	-0.52405

execution time
1000	1000	0.22	18.91	0.14	2.45	2.69	0.38	0.38
1000	3000	0.27	34.41	0.22	4.31	2.89	0.46	0.52
1000	10000	0.48	122.98	0.44	15.92	7.85	0.84	0.91
1000	25000	0.84	624.31	0.88	73.94	9.84	1.64	1.82
1000	50000	1.47	2439.32	1.62	282.05	20.9	2.88	3.63
1000	100000	2.71	11390.05	3.19	1078.25	48.3	5.87	6.69

