http://www.christianherta.de/kmeans.html
K-Mean Cluster Algorithm

The following Code is a implementation of the common K-Means Cluster-Algorithm in Octave / MATLAB. 

by Christian Herta



octave:4> matrix = [8,8;7,9;6,3]
matrix =

   8   8
   7   9
   6   3

octave:5> myKmeans(matrix, 3)
ans =

   6   3
   7   9
   8   8

octave:6> [centroid, pointsInCluster, assignment]=myKmeans(matrix, 3)
centroid =

   6   3
   7   9
   8   8

pointsInCluster =

   1
   1
   1

assignment =

   3
   2
   1


octave-3.0.3:9> printf("%i ", assignment)


0.14606741573033707,0.29213483146067415;0.08641975308641975,0.1728395061728395;0.14864864864864866,0.3108108108108108;0.12048192771084337,0.26506024096385544;0.15151515151515152,0.30303030303030304;0.10526315789473684,0.22807017543859648;0.029411764705882353,0.08823529411764706;0.16666666666666666,0.3333333333333333;0.14285714285714285,0.3;0.10144927536231885,0.2028985507246377;0.07317073170731707,0.1951219512195122;0.09333333333333334,0.2;0.11428571428571428,0.22857142857142856;0.0945945945945946,0.21621621621621623;0.13333333333333333,0.26666666666666666;0.08571428571428572,0.2;0.10526315789473684,0.21052631578947367;0.14492753623188406,0.30434782608695654;0.16455696202531644,0.3670886075949367;0.08955223880597014,0.22388059701492538;0.13846153846153847,0.2923076923076923;0.10256410256410256,0.23076923076923078;0.14285714285714285,0.2976190476190476;0.1282051282051282,0.2692307692307692;0.0821917808219178,0.1643835616438356;0.09859154929577464,0.2112676056338028;0.0449438202247191,0.11235955056179775;0.03389830508474576,0.0847457627118644;0.11904761904761904,0.2857142857142857;0.13414634146341464,0.2682926829268293;0.10526315789473684,0.21052631578947367;0.10227272727272728,0.25;0.11392405063291139,0.27848101265822783;0.10344827586206896,0.21839080459770116;0.058823529411764705,0.17647058823529413;0.07936507936507936,0.1746031746031746;0.13095238095238096,0.27380952380952384;0.09302325581395349,0.20930232558139536;0.07142857142857142,0.15714285714285714;0.11842105263157894,0.23684210526315788;0.10465116279069768,0.20930232558139536;0.09859154929577464,0.23943661971830985;0.0759493670886076,0.189873417721519;0.057971014492753624,0.15942028985507245;0.09523809523809523,0.2261904761904762;0.19047619047619047,0.38095238095238093;0.17333333333333334,0.36;0.14285714285714285,0.2857142857142857;0.043478260869565216,0.10144927536231885;0.15384615384615385,0.3230769230769231;0.1095890410958904,0.2191780821917808;0.09210526315789473,0.2236842105263158;0.08235294117647059,0.21176470588235294;0.07865168539325842,0.19101123595505617;0.056338028169014086,0.15492957746478872;0.09859154929577464,0.23943661971830985;0.14285714285714285,0.2857142857142857;0.11904761904761904,0.23809523809523808;0.0821917808219178,0.1643835616438356;0.10126582278481013,0.20253164556962025;0.06578947368421052,0.15789473684210525;0.07142857142857142,0.17857142857142858;0.1780821917808219,0.3561643835616438;0.08333333333333333,0.16666666666666666;0.13253012048192772,0.2891566265060241;0.07894736842105263,0.15789473684210525;0.11392405063291139,0.26582278481012656;0.0875,0.225;0.07407407407407407,0.14814814814814814;0.09090909090909091,0.2077922077922078;0.08974358974358974,0.20512820512820512;0.10294117647058823,0.22058823529411764;0.07246376811594203,0.18840579710144928;0.15584415584415584,0.36363636363636365;0.12857142857142856,0.2714285714285714;0.15789473684210525,0.3157894736842105;0.04838709677419355,0.12903225806451613;0.125,0.2638888888888889;0.0967741935483871,0.1935483870967742;0.1774193548387097,0.3870967741935484;0.1282051282051282,0.2948717948717949;0.2,0.43333333333333335;0.13333333333333333,0.29333333333333333;0.06172839506172839,0.13580246913580246;0.08974358974358974,0.19230769230769232;0.10638297872340426,0.23404255319148937;0.0967741935483871,0.20430107526881722;0.109375,0.21875;0.09210526315789473,0.21052631578947367;0.14285714285714285,0.32142857142857145;0.109375,0.28125;0.08196721311475409,0.22950819672131148;0.09210526315789473,0.18421052631578946;0.10975609756097561,0.21951219512195122;0.10294117647058823,0.20588235294117646;0.1,0.2222222222222222;0.1506849315068493,0.3150684931506849;0.12121212121212122,0.24242424242424243;0.07894736842105263,0.18421052631578946;0.11940298507462686,0.23880597014925373;0.0,0.2391304347826087;0.0,0.1875;0.0,0.2702702702702703;0.0,0.2328767123287671;0.0,0.14102564102564102;0.0,0.18571428571428572;0.0,0.1797752808988764;0.0,0.17721518987341772;0.0,0.225;0.0,0.1774193548387097;0.0,0.2702702702702703;0.0,0.1;0.0,0.16853932584269662;0.0,0.3380281690140845;0.0,0.16049382716049382;0.0,0.22535211267605634;0.0,0.17567567567567569;0.0,0.12048192771084337;0.0,0.16666666666666666;0.0,0.21518987341772153;0.0,0.18309859154929578;0.0,0.19402985074626866;0.0,0.1686746987951807;0.0,0.15625;0.0,0.2804878048780488;0.0,0.25;0.0,0.19444444444444445;0.0,0.18421052631578946;0.0,0.1917808219178082;0.0,0.23529411764705882;0.0,0.14634146341463414;0.0,0.17721518987341772;0.0,0.19753086419753085;0.0,0.136986301369863;0.0,0.24324324324324326;0.0,0.16901408450704225;0.0,0.1917808219178082;0.0,0.12857142857142856;0.0,0.24096385542168675;0.0,0.25;0.0,0.1891891891891892;0.0,0.16901408450704225;0.0,0.18518518518518517;0.0,0.23376623376623376;0.0,0.1511627906976744;0.0,0.17857142857142858;0.0,0.225;0.0,0.19696969696969696;0.0,0.16666666666666666;0.0,0.22666666666666666;0.0,0.2535211267605634;0.0,0.2191780821917808;0.0,0.24358974358974358;0.0,0.288135593220339;0.0,0.24096385542168675;0.0,0.19540229885057472;0.0,0.21794871794871795;0.0,0.2361111111111111;0.0,0.14814814814814814;0.0,0.1506849315068493;0.0,0.16853932584269662;0.0,0.21794871794871795;0.0,0.1282051282051282;0.0,0.1935483870967742;0.0,0.18461538461538463;0.0,0.234375;0.0,0.15;0.0,0.24691358024691357;0.0,0.2631578947368421;0.0,0.14457831325301204;0.0,0.13043478260869565;0.0,0.2077922077922078;0.0,0.25862068965517243;0.0,0.22413793103448276;0.0,0.16455696202531644;0.0,0.25;0.0,0.17045454545454544;0.0,0.18055555555555555;0.0,0.27848101265822783;0.0,0.22077922077922077;0.0,0.25301204819277107;0.0,0.208955223880597;0.0,0.19736842105263158;0.0,0.12727272727272726;0.0,0.21428571428571427;0.0,0.19480519480519481;0.0,0.17333333333333334;0.0,0.2926829268292683;0.0,0.1797752808988764;0.0,0.13253012048192772;0.0,0.25;0.0,0.21794871794871795;0.0,0.1935483870967742;0.0,0.1625;0.0,0.14457831325301204;0.0,0.21333333333333335;0.0,0.17777777777777778;0.0,0.22666666666666666;0.0,0.22972972972972974;0.0,0.16393442622950818;0.022727272727272728,0.06818181818181818;0.01282051282051282,0.08974358974358974;0.02666666666666667,0.06666666666666667;0.0,0.02531645569620253;0.0,0.0;0.024390243902439025,0.0975609756097561;0.0,0.05357142857142857;0.014285714285714285,0.02857142857142857;0.015384615384615385,0.06153846153846154;0.0,0.021505376344086023;0.04054054054054054,0.08108108108108109;0.012987012987012988,0.05194805194805195;0.01694915254237288,0.03389830508474576;0.05357142857142857,0.125;0.029850746268656716,0.1044776119402985;0.02666666666666667,0.06666666666666667;0.025974025974025976,0.1038961038961039;0.0,0.0;0.0,0.0;0.0,0.05555555555555555;0.0,0.013888888888888888;0.012987012987012988,0.025974025974025976;0.014285714285714285,0.02857142857142857;0.0,0.0;0.02197802197802198,0.04395604395604396;0.0,0.02702702702702703;0.013157894736842105,0.039473684210526314;0.012048192771084338,0.03614457831325301;0.0,0.03571428571428571;0.012195121951219513,0.04878048780487805;0.012048192771084338,0.024096385542168676;0.0,0.057971014492753624;0.010638297872340425,0.0851063829787234;0.0,0.013513513513513514;0.0,0.046875;0.013513513513513514,0.08108108108108109;0.010869565217391304,0.06521739130434782;0.014925373134328358,0.05970149253731343;0.0,0.014285714285714285;0.012987012987012988,0.03896103896103896;0.0,0.047619047619047616;0.0,0.011363636363636364;0.011363636363636364,0.056818181818181816;0.014492753623188406,0.043478260869565216;0.0,0.0;0.013888888888888888,0.027777777777777776;0.0,0.04225352112676056;0.012345679012345678,0.024691358024691357;0.0,0.02247191011235955;0.012195121951219513,0.06097560975609756;0.016129032258064516,0.04838709677419355;0.011494252873563218,0.04597701149425287;0.024691358024691357,0.04938271604938271;0.01282051282051282,0.08974358974358974;0.01282051282051282,0.02564102564102564;0.013157894736842105,0.039473684210526314;0.0,0.015151515151515152;0.0,0.014925373134328358;0.012987012987012988,0.03896103896103896;0.010752688172043012,0.043010752688172046;0.0136986301369863,0.0410958904109589;0.02666666666666667,0.08;0.0,0.02564102564102564;0.013513513513513514,0.05405405405405406;0.0,0.015625;0.0,0.0;0.014285714285714285,0.07142857142857142;0.0,0.022222222222222223;0.0,0.02702702702702703;0.0136986301369863,0.0273972602739726;0.014925373134328358,0.08955223880597014;0.013513513513513514,0.05405405405405406;0.0,0.02702702702702703;0.0,0.0;0.014492753623188406,0.043478260869565216;0.0,0.02531645569620253;0.017543859649122806,0.05263157894736842;0.0,0.03333333333333333;0.024691358024691357,0.08641975308641975;0.0,0.015625;0.028169014084507043,0.07042253521126761;0.0,0.013888888888888888;0.0,0.028169014084507043;0.013157894736842105,0.039473684210526314;0.0,0.012345679012345678;0.0,0.02564102564102564;0.012987012987012988,0.03896103896103896;0.011904761904761904,0.05952380952380952;0.024390243902439025,0.04878048780487805;0.0,0.028169014084507043;0.014925373134328358,0.029850746268656716;0.0,0.0;0.0,0.013333333333333334;0.0,0.0;0.013157894736842105,0.02631578947368421;0.0,0.014285714285714285;0.0,0.0;0.0,0.02531645569620253;0.0,0.0;0.0,0.039473684210526314;0.0136986301369863,0.0821917808219178;0.0,0.04;0.0,0.012195121951219513;0.0,0.07142857142857142;0.014705882352941176,0.058823529411764705;0.014285714285714285,0.02857142857142857;0.029411764705882353,0.07352941176470588;0.0,0.016129032258064516;0.0,0.03571428571428571;0.0,0.012345679012345678;0.04838709677419355,0.12903225806451613;0.014084507042253521,0.028169014084507043;0.0,0.03488372093023256;0.013513513513513514,0.06756756756756757;0.011904761904761904,0.03571428571428571;0.013333333333333334,0.02666666666666667;0.02666666666666667,0.05333333333333334;0.0,0.011627906976744186;0.017241379310344827,0.05172413793103448;0.0,0.0;0.015625,0.03125;0.015625,0.046875;0.012987012987012988,0.03896103896103896;0.0,0.0547945205479452;0.012195121951219513,0.04878048780487805;0.0,0.0;0.0,0.013333333333333334;0.012048192771084338,0.03614457831325301;0.0,0.06329113924050633;0.022222222222222223,0.08888888888888889;0.0,0.024691358024691357;0.013333333333333334,0.02666666666666667;0.0,0.07352941176470588;0.0,0.012987012987012988;0.014084507042253521,0.056338028169014086;0.0125,0.05;0.017543859649122806,0.05263157894736842;0.0,0.06493506493506493;0.0,0.011904761904761904;0.0,0.025;0.011764705882352941,0.08235294117647059;0.0136986301369863,0.0547945205479452;0.0,0.02702702702702703;0.0125,0.025;0.05714285714285714,0.11428571428571428;0.0,0.0;0.011904761904761904,0.03571428571428571;0.011363636363636364,0.07954545454545454;0.010752688172043012,0.043010752688172046;0.011494252873563218,0.05747126436781609;0.012345679012345678,0.024691358024691357;0.0,0.0;0.0,0.027777777777777776;0.016666666666666666,0.05;0.013888888888888888,0.05555555555555555;0.013157894736842105,0.05263157894736842;0.0,0.028169014084507043;0.0,0.025423728813559324;0.0,0.0;0.0,0.027777777777777776;0.02666666666666667,0.08;0.0,0.029411764705882353;0.038461538461538464,0.07692307692307693;0.0,0.033707865168539325;0.0,0.011494252873563218;0.0,0.07692307692307693;0.014925373134328358,0.029850746268656716;0.013888888888888888,0.05555555555555555;0.0,0.0;0.0,0.0;0.016666666666666666,0.06666666666666667;0.03125,0.109375;0.0,0.046875;0.027777777777777776,0.1111111111111111;0.0,0.02564102564102564;0.028985507246376812,0.057971014492753624;0.014492753623188406,0.057971014492753624;0.0,0.01282051282051282;0.0,0.0;0.013157894736842105,0.039473684210526314;0.028985507246376812,0.07246376811594203;0.0,0.03896103896103896;0.011494252873563218,0.022988505747126436;0.0,0.023809523809523808;0.0,0.012658227848101266;0.023809523809523808,0.05952380952380952;0.0,0.01818181818181818;0.0,0.029411764705882353;0.012345679012345678,0.037037037037037035;0.012048192771084338,0.04819277108433735;0.0,0.014925373134328358;0.0,0.02857142857142857;0.02666666666666667,0.08;0.028169014084507043,0.08450704225352113;0.0,0.014285714285714285;0.0,0.0;0.0,0.04054054054054054;0.017857142857142856,0.08928571428571429;0.014285714285714285,0.02857142857142857;0.027777777777777776,0.06944444444444445;0.012658227848101266,0.02531645569620253;0.0,0.02702702702702703;0.0,0.0;0.03636363636363636,0.12727272727272726;0.029411764705882353,0.058823529411764705;0.028985507246376812,0.11594202898550725;0.02247191011235955,0.056179775280898875;0.014492753623188406,0.07246376811594203;0.011764705882352941,0.023529411764705882;0.013888888888888888,0.041666666666666664;0.020833333333333332,0.0625;0.0,0.0;0.012658227848101266,0.0379746835443038;0.0,0.03225806451612903;0.012987012987012988,0.06493506493506493;0.009900990099009901,0.039603960396039604;0.046511627906976744,0.10465116279069768;0.0,0.031746031746031744;0.0,0.012658227848101266;0.0,0.0;0.0,0.05405405405405406;0.014925373134328358,0.07462686567164178;0.0,0.0;0.0,0.0125;0.0,0.05128205128205128;0.0136986301369863,0.0273972602739726;0.0,0.014492753623188406;0.011904761904761904,0.05952380952380952;0.0,0.05555555555555555;0.0,0.0;0.0,0.03529411764705882;0.025,0.075;0.014492753623188406,0.08695652173913043;0.012987012987012988,0.025974025974025976;0.014084507042253521,0.028169014084507043;0.012195121951219513,0.036585365853658534;0.0,0.029411764705882353;0.0,0.012658227848101266;0.0,0.0;0.0,0.0;0.0,0.06779661016949153;0.0,0.0;0.0,0.02702702702702703;0.03409090909090909,0.11363636363636363;0.0,0.0;0.0,0.023809523809523808;0.016129032258064516,0.03225806451612903;0.014492753623188406,0.057971014492753624;0.013333333333333334,0.02666666666666667;0.0,0.04285714285714286;0.011904761904761904,0.03571428571428571;0.0,0.0125;0.0,0.013333333333333334;0.0,0.0136986301369863;0.0,0.014084507042253521;0.0,0.0;0.0,0.01282051282051282;0.012195121951219513,0.04878048780487805;0.014925373134328358,0.029850746268656716;0.0,0.0;0.0,0.027777777777777776;0.0,0.04285714285714286;0.013888888888888888,0.05555555555555555;0.011627906976744186,0.023255813953488372;0.027777777777777776,0.06944444444444445;0.014705882352941176,0.11764705882352941;0.0,0.01282051282051282;0.0,0.0;0.015151515151515152,0.045454545454545456;0.0,0.0;0.013157894736842105,0.02631578947368421;0.0,0.011904761904761904;0.012048192771084338,0.04819277108433735;0.0,0.02531645569620253;0.043010752688172046,0.0967741935483871;0.012987012987012988,0.03896103896103896;0.0,0.023529411764705882;0.0136986301369863,0.0547945205479452;0.011904761904761904,0.05952380952380952;0.0,0.013157894736842105;0.0,0.014285714285714285;0.03389830508474576,0.0847457627118644;0.0,0.04054054054054054;0.014084507042253521,0.08450704225352113;0.0,0.02666666666666667;0.0,0.01098901098901099;0.013157894736842105,0.02631578947368421;0.020833333333333332,0.08333333333333333;0.04411764705882353,0.10294117647058823;0.021505376344086023,0.053763440860215055;0.011627906976744186,0.03488372093023256;0.0,0.012048192771084338;0.02564102564102564,0.07692307692307693;0.02564102564102564,0.05128205128205128;0.0,0.013888888888888888;0.011494252873563218,0.05747126436781609;0.014084507042253521,0.028169014084507043;0.0,0.01282051282051282;0.02857142857142857,0.08571428571428572;0.024691358024691357,0.07407407407407407;0.03125,0.09375;0.01282051282051282,0.02564102564102564;0.0,0.0;0.0,0.0;0.012195121951219513,0.024390243902439025;0.01639344262295082,0.03278688524590164;0.0273972602739726,0.0821917808219178;0.012195121951219513,0.04878048780487805;0.0,0.01282051282051282;0.0,0.0;0.015151515151515152,0.045454545454545456;0.012987012987012988,0.03896103896103896;0.014925373134328358,0.029850746268656716;0.0,0.0;0.0,0.0;0.02564102564102564,0.0641025641025641;0.0,0.0;0.015384615384615385,0.03076923076923077;0.016129032258064516,0.03225806451612903;0.0,0.02631578947368421;0.0,0.041666666666666664;0.015873015873015872,0.031746031746031744;0.010869565217391304,0.021739130434782608;0.0273972602739726,0.0684931506849315;0.039473684210526314,0.09210526315789473;0.0,0.043478260869565216;0.01282051282051282,0.02564102564102564;0.0,0.0;0.022988505747126436,0.08045977011494253;0.0,0.0;0.0,0.04;0.0136986301369863,0.0547945205479452;0.014705882352941176,0.058823529411764705;0.0,0.0;0.01282051282051282,0.038461538461538464;0.011904761904761904,0.05952380952380952;0.0,0.014285714285714285;0.0,0.028985507246376812;0.03389830508474576,0.1016949152542373;0.027777777777777776,0.1111111111111111;0.0,0.0;0.029850746268656716,0.07462686567164178;0.013888888888888888,0.05555555555555555;0.015873015873015872,0.047619047619047616;0.0,0.0;0.0,0.03125;0.014492753623188406,0.028985507246376812;0.027777777777777776,0.05555555555555555;0.014492753623188406,0.057971014492753624;0.016666666666666666,0.03333333333333333;0.012195121951219513,0.04878048780487805;0.0,0.022727272727272728;0.0,0.011764705882352941;0.03488372093023256,0.10465116279069768;0.013888888888888888,0.027777777777777776;0.011764705882352941,0.03529411764705882;0.0,0.0;0.0,0.014492753623188406;0.0,0.0;0.0,0.013157894736842105;0.0,0.025;0.045454545454545456,0.09090909090909091;0.0,0.0547945205479452;0.0273972602739726,0.0684931506849315;0.015384615384615385,0.046153846153846156;0.014705882352941176,0.058823529411764705;0.012048192771084338,0.03614457831325301;0.015151515151515152,0.09090909090909091;0.012345679012345678,0.037037037037037035;0.012048192771084338,0.03614457831325301;0.02631578947368421,0.05263157894736842;0.011494252873563218,0.034482758620689655;0.0,0.012987012987012988;0.030303030303030304,0.06060606060606061;0.02197802197802198,0.06593406593406594;0.015873015873015872,0.06349206349206349;0.0,0.02631578947368421;0.0297029702970297,0.0594059405940594;0.0,0.025974025974025976;0.0,0.02247191011235955;0.013513513513513514,0.05405405405405406;0.0,0.0;0.0136986301369863,0.0958904109589041;0.013157894736842105,0.039473684210526314;0.013888888888888888,0.027777777777777776;0.017241379310344827,0.05172413793103448;0.013513513513513514,0.02702702702702703;0.0,0.03125;0.012658227848101266,0.05063291139240506;0.0,0.02702702702702703;0.011363636363636364,0.03409090909090909;0.0,0.011494252873563218;0.0,0.02666666666666667;0.011627906976744186,0.03488372093023256;0.0,0.023809523809523808;0.012658227848101266,0.05063291139240506;0.0125,0.0375;0.0,0.03076923076923077;0.0,0.0;0.028169014084507043,0.056338028169014086;0.0,0.0;0.03896103896103896,0.11688311688311688;0.010416666666666666,0.03125;0.0,0.015151515151515152;0.0,0.011363636363636364;0.014925373134328358,0.07462686567164178;0.0,0.0;0.013513513513513514,0.05405405405405406;0.0,0.05;0.0,0.0;0.014925373134328358,0.07462686567164178;0.024096385542168676,0.060240963855421686;0.05128205128205128,0.10256410256410256;0.012048192771084338,0.060240963855421686;0.0,0.0379746835443038;0.0,0.011904761904761904;0.014492753623188406,0.07246376811594203;0.0,0.04225352112676056;0.0,0.0;0.0,0.015384615384615385;0.0,0.015625;0.014492753623188406,0.028985507246376812;0.0136986301369863,0.0273972602739726;0.0,0.0;0.02666666666666667,0.12;0.0125,0.0375;0.02631578947368421,0.09210526315789473;0.0,0.0;0.0375,0.0875;0.023255813953488372,0.06976744186046512;0.0,0.0;0.02666666666666667,0.08;0.0,0.014705882352941176;0.0125,0.0375;0.0,0.0;0.013513513513513514,0.04054054054054054;0.0,0.0;0.05263157894736842,0.10526315789473684;0.0,0.0;0.014285714285714285,0.02857142857142857;0.0,0.03076923076923077;0.0,0.0;0.0,0.011764705882352941;0.0,0.039473684210526314;0.024390243902439025,0.06097560975609756;0.0273972602739726,0.0821917808219178;0.012048192771084338,0.03614457831325301;0.0,0.013157894736842105;0.0136986301369863,0.0410958904109589;0.012195121951219513,0.04878048780487805;0.0,0.024691358024691357;0.0136986301369863,0.0958904109589041;0.046875,0.09375;0.012987012987012988,0.05194805194805195;0.0,0.029411764705882353;0.0,0.0136986301369863;0.015151515151515152,0.030303030303030304;0.014705882352941176,0.029411764705882353;0.0,0.0;0.04477611940298507,0.1044776119402985;0.013888888888888888,0.041666666666666664;0.05,0.1125;0.022988505747126436,0.05747126436781609;0.0,0.03225806451612903;0.0,0.0;0.011494252873563218,0.04597701149425287;0.01282051282051282,0.02564102564102564;0.03076923076923077,0.09230769230769231;0.0,0.024390243902439025;0.024691358024691357,0.06172839506172839;0.0375,0.1;0.023255813953488372,0.09302325581395349;0.012658227848101266,0.0379746835443038;0.014084507042253521,0.07042253521126761;0.0,0.05263157894736842;0.01282051282051282,0.038461538461538464;0.0125,0.075;0.0,0.06060606060606061;0.0,0.012987012987012988;0.013157894736842105,0.07894736842105263;0.0,0.031746031746031744;0.0,0.047619047619047616;0.0,0.012195121951219513;0.023809523809523808,0.07142857142857142;0.0,0.03225806451612903;0.0,0.029411764705882353;0.029411764705882353,0.058823529411764705;0.038461538461538464,0.10256410256410256;0.0,0.0136986301369863;0.0,0.05333333333333334;0.0,0.011904761904761904;0.024390243902439025,0.08536585365853659;0.013333333333333334,0.04;0.0,0.04285714285714286;0.027777777777777776,0.06944444444444445;0.04054054054054054,0.08108108108108109;0.0,0.0;0.0,0.057971014492753624;0.01639344262295082,0.06557377049180328;0.04225352112676056,0.08450704225352113;0.0,0.0125;0.0,0.025;0.0,0.0125;0.014492753623188406,0.043478260869565216;0.0,0.011627906976744186;0.0,0.014084507042253521;0.012987012987012988,0.09090909090909091;0.0,0.047058823529411764;0.0,0.045454545454545456;0.0,0.012195121951219513;0.0,0.0;0.0,0.014492753623188406;0.013888888888888888,0.06944444444444445;0.0,0.015873015873015872;0.014285714285714285,0.07142857142857142;0.0,0.010416666666666666;0.013333333333333334,0.04;0.0,0.0;0.0,0.012658227848101266;0.025974025974025976,0.06493506493506493;0.0,0.0;0.014084507042253521,0.04225352112676056;0.0,0.014705882352941176;0.011764705882352941,0.047058823529411764;0.014705882352941176,0.058823529411764705;0.011627906976744186,0.05813953488372093;0.0,0.02531645569620253;0.0,0.014705882352941176;0.0,0.014285714285714285;0.015384615384615385,0.03076923076923077;0.0,0.023529411764705882;0.011363636363636364,0.022727272727272728;0.0,0.041666666666666664;0.0,0.02666666666666667;0.0,0.0;0.0,0.013333333333333334;0.013333333333333334,0.05333333333333334;0.0,0.06060606060606061;0.012658227848101266,0.0379746835443038;0.0,0.0136986301369863;0.0,0.0;0.015384615384615385,0.1076923076923077;0.0,0.015384615384615385;0.013333333333333334,0.06666666666666667;0.0,0.04054054054054054;0.02666666666666667,0.08;0.0136986301369863,0.0547945205479452;0.013888888888888888,0.027777777777777776;0.043478260869565216,0.10144927536231885;0.0,0.0;0.02564102564102564,0.0641025641025641;0.013513513513513514,0.05405405405405406;0.015151515151515152,0.045454545454545456;0.014492753623188406,0.057971014492753624;0.0,0.0;0.0,0.08139534883720931;0.02564102564102564,0.0641025641025641;0.0,0.04054054054054054;0.0,0.0;0.02247191011235955,0.06741573033707865;0.0,0.04;0.0,0.018518518518518517;0.0,0.0136986301369863;0.0,0.02247191011235955;0.011904761904761904,0.03571428571428571;0.0,0.04225352112676056;0.015384615384615385,0.046153846153846156;0.014492753623188406,0.028985507246376812;0.015873015873015872,0.031746031746031744;0.016129032258064516,0.03225806451612903;0.013333333333333334,0.05333333333333334;0.02247191011235955,0.056179775280898875;0.0,0.013513513513513514;0.011764705882352941,0.058823529411764705;0.0,0.04;0.014925373134328358,0.07462686567164178;0.0,0.0;0.0,0.0;0.014925373134328358,0.029850746268656716;0.0,0.0136986301369863;0.014492753623188406,0.043478260869565216;0.0,0.0;0.0,0.0273972602739726;0.039473684210526314,0.10526315789473684;0.011764705882352941,0.03529411764705882;0.023255813953488372,0.046511627906976744;0.012345679012345678,0.06172839506172839;0.012195121951219513,0.024390243902439025;0.0,0.0;0.012658227848101266,0.0379746835443038;0.0,0.033707865168539325;0.0136986301369863,0.0273972602739726;0.039473684210526314,0.09210526315789473;0.0,0.0;0.0,0.0379746835443038;0.0,0.015625;0.014925373134328358,0.029850746268656716;0.0,0.011235955056179775;0.0,0.05714285714285714;0.02666666666666667,0.08;0.0,0.012048192771084338;0.0,0.013513513513513514;0.022727272727272728,0.056818181818181816;0.0,0.02666666666666667;0.0,0.028985507246376812;0.029411764705882353,0.10294117647058823;0.012658227848101266,0.05063291139240506;0.02564102564102564,0.0641025641025641;0.02912621359223301,0.07766990291262135;0.014925373134328358,0.029850746268656716;0.0,0.03076923076923077;0.0,0.0;0.0,0.011764705882352941;0.0,0.07317073170731707;0.013333333333333334,0.02666666666666667;0.012658227848101266,0.05063291139240506;0.010869565217391304,0.03260869565217391;0.014705882352941176,0.029411764705882353;0.0,0.0;0.022222222222222223,0.06666666666666667;0.02857142857142857,0.07142857142857142;0.0125,0.05;0.0,0.012658227848101266;0.0,0.0375;0.0,0.04054054054054054;0.014285714285714285,0.05714285714285714;0.0,0.016129032258064516;0.011764705882352941,0.07058823529411765;0.013333333333333334,0.04;0.024096385542168676,0.07228915662650602;0.02631578947368421,0.07894736842105263;0.0,0.029850746268656716;0.013888888888888888,0.06944444444444445;0.0,0.046153846153846156;0.010869565217391304,0.08695652173913043;0.02857142857142857,0.05714285714285714;0.015873015873015872,0.047619047619047616;0.03076923076923077,0.06153846153846154;0.0,0.014285714285714285;0.0,0.0;0.014492753623188406,0.057971014492753624;0.0125,0.025;0.0,0.025974025974025976;0.0,0.0136986301369863;0.0,0.04285714285714286;0.03076923076923077,0.09230769230769231;0.01694915254237288,0.06779661016949153;0.013157894736842105,0.05263157894736842;0.014705882352941176,0.04411764705882353;0.011904761904761904,0.07142857142857142;0.01282051282051282,0.038461538461538464;0.014492753623188406,0.028985507246376812;0.015151515151515152,0.07575757575757576;0.014084507042253521,0.07042253521126761;0.03896103896103896,0.11688311688311688;0.013157894736842105,0.039473684210526314;0.012195121951219513,0.04878048780487805;0.012345679012345678,0.06172839506172839;0.03896103896103896,0.1038961038961039;0.0,0.03225806451612903;0.025974025974025976,0.07792207792207792;0.0,0.015625;0.027777777777777776,0.08333333333333333;0.0,0.015151515151515152;0.0,0.0;0.0,0.0;0.0,0.046875;0.012658227848101266,0.05063291139240506;0.01282051282051282,0.02564102564102564;0.012987012987012988,0.025974025974025976;0.0,0.06756756756756757;0.012345679012345678,0.04938271604938271;0.0,0.034482758620689655;0.02666666666666667,0.06666666666666667;0.014285714285714285,0.02857142857142857;0.02666666666666667,0.06666666666666667;0.025974025974025976,0.06493506493506493;0.0125,0.025;0.0136986301369863,0.0273972602739726;0.0,0.02127659574468085;0.0,0.014492753623188406;0.0,0.013513513513513514;0.030303030303030304,0.06060606060606061;0.013157894736842105,0.039473684210526314;0.024096385542168676,0.04819277108433735;0.0,0.0;0.023255813953488372,0.06976744186046512;0.0,0.013888888888888888;0.03225806451612903,0.11290322580645161;0.015151515151515152,0.045454545454545456;0.0,0.03409090909090909;0.025974025974025976,0.06493506493506493;0.016129032258064516,0.04838709677419355;0.013157894736842105,0.06578947368421052;0.0,0.034482758620689655;0.0,0.012987012987012988;0.0,0.014285714285714285;0.0,0.030303030303030304;0.031746031746031744,0.06349206349206349;0.0125,0.0625;0.0375,0.1125;0.0,0.039473684210526314;0.037037037037037035,0.1111111111111111;0.0,0.04225352112676056;0.0,0.0;0.0,0.027777777777777776;0.0,0.045454545454545456;0.0,0.014925373134328358;0.0,0.0;0.0,0.013513513513513514;0.0,0.0;0.0,0.0125;0.0,0.014925373134328358;0.025974025974025976,0.09090909090909091;0.02702702702702703,0.06756756756756757;0.011494252873563218,0.05747126436781609;0.013157894736842105,0.039473684210526314;0.016666666666666666,0.03333333333333333;0.0,0.023529411764705882;0.0,0.02702702702702703;0.015873015873015872,0.06349206349206349;0.0,0.014925373134328358;0.013157894736842105,0.039473684210526314;0.0,0.028169014084507043;0.0,0.013157894736842105;0.0,0.0;0.0,0.02531645569620253;0.0,0.0;0.025,0.05;0.011363636363636364,0.045454545454545456;0.0,0.029411764705882353;0.014084507042253521,0.04225352112676056;0.0,0.02666666666666667;0.014084507042253521,0.056338028169014086;0.0,0.041666666666666664;0.0,0.024691358024691357;0.0,0.02857142857142857;0.0,0.0;0.0,0.043478260869565216;0.011904761904761904,0.05952380952380952;0.0136986301369863,0.0547945205479452;0.0,0.0;0.0,0.0;0.03333333333333333,0.08888888888888889;0.0,0.0;0.0,0.025;0.012658227848101266,0.0379746835443038;0.025974025974025976,0.09090909090909091;0.013157894736842105,0.05263157894736842;0.012345679012345678,0.024691358024691357;0.04395604395604396,0.08791208791208792;0.0125,0.0375;0.0,0.015873015873015872;0.011363636363636364,0.045454545454545456;0.012987012987012988,0.06493506493506493;0.0,0.0;0.0,0.011764705882352941;0.0,0.0;0.025974025974025976,0.07792207792207792;0.01282051282051282,0.038461538461538464;0.0,0.011627906976744186;0.030303030303030304,0.07575757575757576;0.0,0.027777777777777776;0.01282051282051282,0.038461538461538464;0.0,0.030927835051546393;0.0,0.023529411764705882;0.013157894736842105,0.039473684210526314;0.014925373134328358,0.029850746268656716;0.0,0.011904761904761904;0.014492753623188406,0.08695652173913043;0.027777777777777776,0.06944444444444445;0.02631578947368421,0.06578947368421052;0.0,0.056338028169014086;0.0,0.04411764705882353;0.05405405405405406,0.13513513513513514;0.021052631578947368,0.08421052631578947;0.02857142857142857,0.05714285714285714;0.0,0.0;0.014492753623188406,0.07246376811594203;0.0425531914893617,0.09574468085106383;0.013333333333333334,0.08;0.0,0.015625;0.0,0.0;0.0,0.014084507042253521;0.0,0.0410958904109589;0.014084507042253521,0.056338028169014086;0.012658227848101266,0.0379746835443038;0.0,0.024390243902439025;0.0136986301369863,0.0273972602739726;0.0,0.03260869565217391;0.0,0.014084507042253521;0.0,0.03076923076923077;0.018518518518518517,0.05555555555555555;0.0,0.0;0.012987012987012988,0.03896103896103896;0.0,0.04411764705882353;0.012987012987012988,0.025974025974025976;0.0,0.07792207792207792;0.0,0.01282051282051282;0.023255813953488372,0.09302325581395349;
