

false positive pools
1000	1000	0	101.933333	6.266667	79.733333	66.833333	68.866667	67.700000	
1000	3000	0	5.200000	130.633333	76.166667	127.900000	57.066667	68.100000	
1000	10000	0	0	177.866667	1.433333	158.566667	4.633333	5.100000	
1000	25000	0	0	94	0	70.966667	0	0	
1000	50000	0	0	1.100000	0	12.566667	0	0	
1000	100000	0	0	0	0	0	0	0	

miscalculated pools
1000	1000	102.100000	104.133333	102.233333	102.866667	105.200000	104.600000	103.366667	
1000	3000	305.433333	313.766667	310.133333	307.800000	310.333333	310.166667	309.633333	
1000	10000	1028.700000	1043	1042.733333	1033.033333	1042.600000	1037.700000	1043.466667	
1000	25000	2598.366667	2578.800000	2577.533333	2603.966667	2595.100000	2596.766667	2596.400000	
1000	50000	5174.800000	5174.166667	5177.800000	5190.200000	5178.800000	5176	5180.233333	
1000	100000	10388.833333	10351.433333	10376.700000	10354.366667	10389.500000	10380.866667	10343.433333	

execution time
1000	1000	0.289000	10.990333	0.226667	1.727667	2.237000	0.342667	0.406000	
1000	3000	0.363333	7.512000	0.378667	2.163333	2.302667	0.593333	0.425333	
1000	10000	0.392667	2.270667	0.893000	2.456000	2.353000	0.524000	0.590000	
1000	25000	0.667667	1.067333	1.975667	2.217000	2.808000	0.786667	0.942667	
1000	50000	1.428333	1.051333	3.906667	2.218000	3.314333	1.010667	1.511667	
1000	100000	2.514667	1.703000	7.733333	2.777667	2.862333	1.720333	2.911333	

gain of malicious
1000	1000	2.812333	-0.984333	-0.502500	-0.881000	-0.799167	-0.819000	-0.819833	
1000	3000	1.333667	-0.485722	-0.697722	-0.608333	-0.678333	-0.569944	-0.585778	
1000	10000	-0.238317	-0.478500	-0.565817	-0.484200	-0.530783	-0.479483	-0.477633	
1000	25000	-0.475067	-0.484240	-0.503140	-0.479207	-0.495047	-0.480573	-0.480713	
1000	50000	-0.482513	-0.482583	-0.482330	-0.480980	-0.483377	-0.482400	-0.481977	
1000	100000	-0.480558	-0.482428	-0.481165	-0.482282	-0.480525	-0.480957	-0.482828	

discarded pools
1000	1000	762.466667	3.133333	99.500000	23.800000	40.166667	36.200000	36.033333	
1000	3000	1400.200000	308.566667	181.366667	235	193	258.033333	248.533333	
1000	10000	1523.366667	1043	868.366667	1031.600000	938.433333	1041.033333	1044.733333	
1000	25000	2624.666667	2578.800000	2484.300000	2603.966667	2524.766667	2597.133333	2596.433333	
1000	50000	5174.866667	5174.166667	5176.700000	5190.200000	5166.233333	5176	5180.233333	
1000	100000	10388.833333	10351.433333	10376.700000	10354.366667	10389.500000	10380.866667	10343.433333	

false negative pools
1000	1000	660.366667	0.933333	3.533333	0.666667	1.800000	0.466667	0.366667	
1000	3000	1094.766667	0	1.866667	3.366667	10.566667	4.933333	7	
1000	10000	494.666667	0	3.500000	0	54.400000	7.966667	6.366667	
1000	25000	26.300000	0	0.766667	0	0.633333	0.366667	0.033333	
1000	50000	0.066667	0	0	0	0	0	0	
1000	100000	0	0	0	0	0	0	0	

