miscalculated pools
1000	1000	102	103	97	100	103	105	94
1000	3000	299	297	330	341	307	296	298
1000	10000	983	1091	1030	1064	1045	977	1018
1000	25000	2580	2593	2570	2556	2601	2601	2538
1000	50000	5102	5180	5083	5180	5320	5199	5222
1000	100000	10471	10460	10431	10366	10384	10430	10364

discarded pools
1000	1000	776	0	94	10	38	38	22
1000	3000	1396	295	195	290	172	243	229
1000	10000	1582	1091	869	1064	876	982	1019
1000	25000	2603	2593	2502	2556	2537	2601	2538
1000	50000	5102	5180	5083	5180	5320	5199	5222
1000	100000	10471	10460	10431	10366	10384	10430	10364

false positive pools
1000	1000	0	103	6	91	66	67	73
1000	3000	0	2	136	54	136	56	72
1000	10000	0	0	165	0	173	0	3
1000	25000	0	0	68	0	64	0	0
1000	50000	0	0	0	0	0	0	0
1000	100000	0	0	0	0	0	0	0

false negative pools
1000	1000	674	0	3	1	1	0	1
1000	3000	1097	0	1	3	1	3	3
1000	10000	599	0	4	0	4	5	4
1000	25000	23	0	0	0	0	0	0
1000	50000	0	0	0	0	0	0	0
1000	100000	0	0	0	0	0	0	0

gain of malicious
1000	1000	2.88	-1	-0.53	-0.95	-0.81	-0.81	-0.89
1000	3000	1.326667	-0.508333	-0.675	-0.516667	-0.713333	-0.595	-0.618333
1000	10000	-0.209	-0.4545	-0.5655	-0.468	-0.562	-0.509	-0.4905
1000	25000	-0.4794	-0.4814	-0.4996	-0.4888	-0.4926	-0.4798	-0.4924
1000	50000	-0.4898	-0.482	-0.4917	-0.482	-0.468	-0.4801	-0.4778
1000	100000	-0.47645	-0.477	-0.47845	-0.4817	-0.4808	-0.4785	-0.4818

execution time
1000	1000	1.1	10.9	0.14	1.67	3.85	0.32	0.35
1000	3000	0.27	7.35	0.18	1.82	2.4	0.35	0.39
1000	10000	0.35	2.04	0.36	2.07	2.39	0.43	0.57
1000	25000	0.61	0.73	0.73	2.29	2.52	0.62	0.92
1000	50000	1.06	0.97	1.34	2.27	2.4	0.9	1.45
1000	100000	4.7	1.78	2.65	2.77	2.51	1.55	2.89


miscalculated pools
1000	1000	102	113	100	124	97	112	106
1000	3000	282	325	316	342	290	295	304
1000	10000	1032	1126	1054	1055	1033	1039	1044
1000	25000	2714	2531	2565	2557	2625	2577	2587
1000	50000	5171	5178	5138	5253	5208	5077	5164
1000	100000	10685	10455	10429	10409	10435	10518	10386

discarded pools
1000	1000	752	2	90	37	41	46	39
1000	3000	1438	321	190	280	163	255	233
1000	10000	1558	1126	940	1055	861	1041	1043
1000	25000	2741	2531	2527	2557	2577	2578	2587
1000	50000	5171	5178	5138	5253	5208	5077	5164
1000	100000	10685	10455	10429	10409	10435	10518	10386

false positive pools
1000	1000	0	113	12	90	59	68	67
1000	3000	0	4	128	64	130	47	81
1000	10000	0	0	115	0	178	9	4
1000	25000	0	0	41	0	48	0	0
1000	50000	0	0	0	0	0	0	0
1000	100000	0	0	0	0	0	0	0

false negative pools
1000	1000	650	2	2	3	3	2	0
1000	3000	1156	0	2	2	3	7	10
1000	10000	526	0	1	0	6	11	3
1000	25000	27	0	3	0	0	1	0
1000	50000	0	0	0	0	0	0	0
1000	100000	0	0	0	0	0	0	0

gain of malicious
1000	1000	2.76	-0.99	-0.55	-0.815	-0.795	-0.77	-0.805
1000	3000	1.396667	-0.465	-0.683333	-0.533333	-0.728333	-0.575	-0.611667
1000	10000	-0.221	-0.437	-0.53	-0.4725	-0.5695	-0.4795	-0.4785
1000	25000	-0.4518	-0.4938	-0.4946	-0.4886	-0.4846	-0.4844	-0.4826
1000	50000	-0.4829	-0.4822	-0.4862	-0.4747	-0.4792	-0.4923	-0.4836
1000	100000	-0.46575	-0.47725	-0.47855	-0.47955	-0.47825	-0.4741	-0.4807

execution time
1000	1000	0.36	11.16	0.14	1.77	1.93	0.32	0.37
1000	3000	0.31	7.43	0.18	1.89	1.65	4.39	0.44
1000	10000	0.5	1.9	0.37	2.23	2.35	0.48	0.62
1000	25000	0.64	0.8	0.72	2.05	2.56	0.64	0.9
1000	50000	1.11	1.07	1.39	2.21	2.39	0.91	1.35
1000	100000	3.47	1.67	3.77	2.71	2.74	1.88	2.45


miscalculated pools
1000	1000	104	109	88	104	103	100	102
1000	3000	316	286	323	297	300	313	315
1000	10000	1032	1081	1098	1014	1023	1087	1030
1000	25000	2597	2579	2573	2535	2628	2606	2635
1000	50000	5207	5174	5261	5265	5114	5371	5148
1000	100000	10315	10287	10312	10509	10559	10589	10471

discarded pools
1000	1000	773	3	84	25	38	29	38
1000	3000	1340	280	206	209	155	269	255
1000	10000	1543	1081	882	1011	808	1090	1025
1000	25000	2628	2579	2449	2535	2498	2606	2635
1000	50000	5207	5174	5228	5265	5114	5371	5148
1000	100000	10315	10287	10312	10509	10559	10589	10471

false positive pools
1000	1000	0	107	5	80	68	71	67
1000	3000	0	6	122	94	148	48	69
1000	10000	0	0	218	3	218	0	9
1000	25000	0	0	125	0	130	0	0
1000	50000	0	0	33	0	0	0	0
1000	100000	0	0	0	0	0	0	0

false negative pools
1000	1000	669	1	1	1	3	0	3
1000	3000	1024	0	5	6	3	4	9
1000	10000	511	0	2	0	3	3	4
1000	25000	31	0	1	0	0	0	0
1000	50000	0	0	0	0	0	0	0
1000	100000	0	0	0	0	0	0	0

gain of malicious
1000	1000	2.865	-0.985	-0.58	-0.875	-0.81	-0.855	-0.81
1000	3000	1.233333	-0.533333	-0.656667	-0.651667	-0.741667	-0.551667	-0.575
1000	10000	-0.2285	-0.4595	-0.559	-0.4945	-0.596	-0.455	-0.4875
1000	25000	-0.4744	-0.4842	-0.5102	-0.493	-0.5004	-0.4788	-0.473
1000	50000	-0.4793	-0.4826	-0.4772	-0.4735	-0.4886	-0.4629	-0.4852
1000	100000	-0.48425	-0.48565	-0.4844	-0.47455	-0.47205	-0.47055	-0.47645

execution time
1000	1000	0.21	10.79	0.14	1.68	3.23	0.31	0.93
1000	3000	0.26	7.6	0.25	1.84	2.24	0.39	0.4
1000	10000	0.37	2.12	0.37	2.06	2.14	0.7	0.61
1000	25000	0.68	0.74	1.27	2.57	2.26	0.7	0.91
1000	50000	1.09	0.98	3.79	2.29	3.27	1.02	1.43
1000	100000	1.95	1.7	7.45	2.75	3.16	1.65	2.45


miscalculated pools
1000	1000	104	102	117	109	98	113	107
1000	3000	288	342	317	331	301	304	308
1000	10000	1016	1059	1022	1034	1040	1065	1073
1000	25000	2619	2524	2549	2646	2545	2645	2506
1000	50000	5133	5267	5216	5230	5134	5144	5152
1000	100000	10366	10436	10306	10279	10448	10326	10333

discarded pools
1000	1000	770	0	118	29	37	45	28
1000	3000	1440	341	203	269	159	237	257
1000	10000	1442	1059	833	1034	1606	1074	1073
1000	25000	2644	2524	2387	2646	2499	2645	2506
1000	50000	5133	5267	5216	5230	5098	5144	5152
1000	100000	10366	10436	10306	10279	10448	10326	10333

false positive pools
1000	1000	0	102	4	81	62	68	79
1000	3000	0	1	114	67	145	75	59
1000	10000	0	0	190	0	29	0	0
1000	25000	0	0	162	0	47	0	0
1000	50000	0	0	0	0	36	0	0
1000	100000	0	0	0	0	0	0	0

false negative pools
1000	1000	666	0	5	1	1	0	0
1000	3000	1152	0	0	5	3	8	8
1000	10000	426	0	1	0	595	9	0
1000	25000	25	0	0	0	1	0	0
1000	50000	0	0	0	0	0	0	0
1000	100000	0	0	0	0	0	0	0

gain of malicious
1000	1000	2.85	-1	-0.41	-0.855	-0.815	-0.775	-0.86
1000	3000	1.4	-0.431667	-0.661667	-0.551667	-0.735	-0.605	-0.571667
1000	10000	-0.279	-0.4705	-0.5835	-0.483	-0.197	-0.463	-0.4635
1000	25000	-0.4712	-0.4952	-0.5226	-0.4708	-0.5002	-0.471	-0.4988
1000	50000	-0.4867	-0.4733	-0.4784	-0.477	-0.4902	-0.4856	-0.4848
1000	100000	-0.4817	-0.4782	-0.4847	-0.48605	-0.4776	-0.4837	-0.48335

execution time
1000	1000	0.2	11.47	0.15	1.72	2.27	0.32	0.58
1000	3000	0.26	7.06	0.32	2.04	1.55	0.36	0.47
1000	10000	0.39	2.13	0.73	2.47	1.87	0.43	0.65
1000	25000	0.62	0.96	1.8	2.12	2.97	0.6	0.85
1000	50000	1.08	1.02	3.44	2.1	2.85	1.01	1.45
1000	100000	1.94	1.63	7.54	2.69	4.29	1.59	2.59


miscalculated pools
1000	1000	110	99	105	106	104	96	111
1000	3000	274	323	342	300	316	288	321
1000	10000	1046	1037	1038	1063	1010	1035	1019
1000	25000	2521	2514	2562	2625	2592	2606	2568
1000	50000	5138	5134	5198	5201	5285	5261	5240
1000	100000	10348	10325	10269	10455	10328	10453	10361

discarded pools
1000	1000	728	0	104	19	3	24	46
1000	3000	1425	314	215	225	190	233	263
1000	10000	1472	1037	874	1060	1697	1047	1027
1000	25000	2558	2514	2465	2625	2547	2606	2568
1000	50000	5138	5134	5198	5201	5285	5261	5240
1000	100000	10348	10325	10269	10455	10328	10453	10361

false positive pools
1000	1000	0	99	4	87	101	72	65
1000	3000	0	9	130	85	128	57	68
1000	10000	0	0	169	3	20	0	0
1000	25000	0	0	98	0	47	0	0
1000	50000	0	0	0	0	0	0	0
1000	100000	0	0	0	0	0	0	0

false negative pools
1000	1000	618	0	3	0	0	0	0
1000	3000	1151	0	3	10	2	2	10
1000	10000	426	0	5	0	707	12	8
1000	25000	37	0	1	0	2	0	0
1000	50000	0	0	0	0	0	0	0
1000	100000	0	0	0	0	0	0	0

gain of malicious
1000	1000	2.64	-1	-0.48	-0.905	-0.985	-0.88	-0.77
1000	3000	1.375	-0.476667	-0.641667	-0.625	-0.683333	-0.611667	-0.561667
1000	10000	-0.264	-0.4815	-0.563	-0.47	-0.1515	-0.4765	-0.4865
1000	25000	-0.4884	-0.4972	-0.507	-0.475	-0.4906	-0.4788	-0.4864
1000	50000	-0.4862	-0.4866	-0.4802	-0.4799	-0.4715	-0.4739	-0.476
1000	100000	-0.4826	-0.48375	-0.48655	-0.47725	-0.4836	-0.47735	-0.48195

execution time
1000	1000	0.21	10.67	0.2	1.67	2.49	0.47	0.34
1000	3000	0.32	7.19	0.33	2.09	1.99	0.34	0.46
1000	10000	0.43	2.03	0.78	2.6	2.08	0.49	0.6
1000	25000	0.62	0.77	1.89	2.25	2.81	0.62	0.91
1000	50000	3.77	0.98	3.99	2.19	3.04	0.97	1.41
1000	100000	2.02	1.57	8.19	2.62	2.53	1.56	3.18


miscalculated pools
1000	1000	109	105	90	101	124	118	108
1000	3000	318	305	300	295	308	347	314
1000	10000	1078	1026	1072	1078	1095	1049	1006
1000	25000	2616	2579	2598	2644	2603	2565	2632
1000	50000	5284	5227	5127	5089	5165	5101	5151
1000	100000	10561	10194	10358	10335	10500	10537	10409

discarded pools
1000	1000	741	2	92	30	57	50	41
1000	3000	1370	296	163	201	169	302	247
1000	10000	1531	1026	960	1074	1088	1048	1002
1000	25000	2650	2579	2522	2644	2489	2565	2632
1000	50000	5284	5227	5127	5089	5165	5101	5151
1000	100000	10561	10194	10358	10335	10500	10537	10409

false positive pools
1000	1000	0	105	3	72	72	69	68
1000	3000	0	9	140	97	141	52	74
1000	10000	0	0	115	4	91	8	11
1000	25000	0	0	76	0	114	0	0
1000	50000	0	0	0	0	0	0	0
1000	100000	0	0	0	0	0	0	0

false negative pools
1000	1000	632	2	5	1	5	1	1
1000	3000	1052	0	3	3	2	7	7
1000	10000	453	0	3	0	84	7	7
1000	25000	34	0	0	0	0	0	0
1000	50000	0	0	0	0	0	0	0
1000	100000	0	0	0	0	0	0	0

gain of malicious
1000	1000	2.705	-0.99	-0.54	-0.85	-0.715	-0.75	-0.795
1000	3000	1.283333	-0.506667	-0.728333	-0.665	-0.718333	-0.496667	-0.588333
1000	10000	-0.2345	-0.487	-0.52	-0.463	-0.456	-0.476	-0.499
1000	25000	-0.47	-0.4842	-0.4956	-0.4712	-0.5022	-0.487	-0.4736
1000	50000	-0.4716	-0.4773	-0.4873	-0.4911	-0.4835	-0.4899	-0.4849
1000	100000	-0.47195	-0.4903	-0.4821	-0.48325	-0.475	-0.47315	-0.47955

execution time
1000	1000	0.35	11.2	0.15	1.81	2.17	0.32	0.35
1000	3000	0.27	7.77	0.28	1.84	2.32	0.37	0.46
1000	10000	0.4	2.05	0.85	2.24	2.51	0.47	0.65
1000	25000	0.64	4.59	1.98	2.37	2.25	0.61	0.88
1000	50000	1.4	1.02	3.62	2.2	2.62	0.95	1.36
1000	100000	2.71	1.65	6.92	3.64	2.62	1.6	2.6


miscalculated pools
1000	1000	111	88	115	97	104	92	106
1000	3000	316	308	311	304	295	313	332
1000	10000	1062	995	1043	1024	1005	1016	1095
1000	25000	2643	2581	2656	2704	2588	2584	2577
1000	50000	5244	5171	5228	5167	5107	5165	5201
1000	100000	10568	10347	10308	10322	10403	10362	10274

discarded pools
1000	1000	740	1	104	27	43	32	33
1000	3000	1382	295	169	240	364	253	270
1000	10000	1506	995	891	1024	782	1033	1087
1000	25000	2659	2581	2590	2704	2429	2586	2577
1000	50000	5244	5171	5228	5167	5107	5165	5201
1000	100000	10568	10347	10308	10322	10403	10362	10274

false positive pools
1000	1000	0	88	12	70	64	60	73
1000	3000	0	13	142	72	45	66	67
1000	10000	0	0	155	0	227	0	13
1000	25000	0	0	66	0	160	0	0
1000	50000	0	0	0	0	0	0	0
1000	100000	0	0	0	0	0	0	0

false negative pools
1000	1000	629	1	1	0	3	0	0
1000	3000	1066	0	0	8	114	6	5
1000	10000	444	0	3	0	4	17	5
1000	25000	16	0	0	0	1	2	0
1000	50000	0	0	0	0	0	0	0
1000	100000	0	0	0	0	0	0	0

gain of malicious
1000	1000	2.7	-0.995	-0.48	-0.865	-0.785	-0.84	-0.835
1000	3000	1.303333	-0.508333	-0.718333	-0.6	-0.393333	-0.578333	-0.55
1000	10000	-0.247	-0.5025	-0.5545	-0.488	-0.609	-0.4835	-0.4565
1000	25000	-0.4682	-0.4838	-0.482	-0.4592	-0.5142	-0.4828	-0.4846
1000	50000	-0.4756	-0.4829	-0.4772	-0.4833	-0.4893	-0.4835	-0.4799
1000	100000	-0.4716	-0.48265	-0.4846	-0.4839	-0.47985	-0.4819	-0.4863

execution time
1000	1000	0.22	10.93	0.29	1.72	1.95	0.31	0.4
1000	3000	0.27	7.59	0.42	1.8	1.6	0.41	0.42
1000	10000	0.57	2.27	0.92	2.19	2.48	0.43	0.54
1000	25000	0.67	0.87	1.73	2.11	2.78	0.62	0.97
1000	50000	1.11	1.11	3.67	2.35	2.43	1.07	1.46
1000	100000	2.24	2.24	6.42	2.63	2.71	3.59	2.46


miscalculated pools
1000	1000	95	108	104	100	116	113	89
1000	3000	303	325	302	292	300	327	297
1000	10000	970	1003	1027	1042	1019	1001	1044
1000	25000	2661	2654	2531	2540	2616	2615	2514
1000	50000	5138	5085	5159	5185	5253	5096	5165
1000	100000	10590	10411	10653	10345	10542	10423	10489

discarded pools
1000	1000	770	4	106	20	44	38	32
1000	3000	1426	324	174	222	165	279	241
1000	10000	1503	1003	852	1039	956	1006	1049
1000	25000	2681	2654	2499	2540	2557	2615	2514
1000	50000	5138	5085	5159	5185	5253	5096	5165
1000	100000	10590	10411	10653	10345	10542	10423	10489

false positive pools
1000	1000	0	105	5	80	75	75	57
1000	3000	0	1	130	75	136	54	65
1000	10000	0	0	178	3	70	0	0
1000	25000	0	0	33	0	59	0	0
1000	50000	0	0	0	0	0	0	0
1000	100000	0	0	0	0	0	0	0

false negative pools
1000	1000	675	1	7	0	3	0	0
1000	3000	1123	0	2	5	1	6	9
1000	10000	533	0	3	0	7	5	5
1000	25000	20	0	1	0	0	0	0
1000	50000	0	0	0	0	0	0	0
1000	100000	0	0	0	0	0	0	0

gain of malicious
1000	1000	2.85	-0.98	-0.47	-0.9	-0.78	-0.81	-0.84
1000	3000	1.376667	-0.46	-0.71	-0.63	-0.725	-0.535	-0.598333
1000	10000	-0.2485	-0.4985	-0.574	-0.4805	-0.522	-0.497	-0.4755
1000	25000	-0.4638	-0.4692	-0.5002	-0.492	-0.4886	-0.477	-0.4972
1000	50000	-0.4862	-0.4915	-0.4841	-0.4815	-0.4747	-0.4904	-0.4835
1000	100000	-0.4705	-0.47945	-0.46735	-0.48275	-0.4729	-0.47885	-0.47555

execution time
1000	1000	0.22	10.47	0.32	1.73	2.19	0.45	0.36
1000	3000	0.26	7.28	0.4	1.96	1.79	0.38	0.44
1000	10000	0.36	2.28	1.05	4.94	2.28	0.43	0.62
1000	25000	0.65	0.73	2.06	2.05	2.61	0.68	0.91
1000	50000	1.09	1.02	4.01	2.06	2.95	1.02	1.47
1000	100000	2.44	1.71	7.38	2.7	2.86	1.67	4.93


miscalculated pools
1000	1000	96	115	118	120	94	103	100
1000	3000	301	291	305	296	310	315	311
1000	10000	1020	1017	1075	1006	1051	1085	1071
1000	25000	2646	2617	2521	2590	2612	2562	2689
1000	50000	5285	5274	5103	5121	5201	5178	5217
1000	100000	10274	10244	10279	10428	10339	10406	10357

discarded pools
1000	1000	788	2	118	41	28	31	25
1000	3000	1445	288	198	212	177	258	254
1000	10000	1502	1017	902	1006	863	1088	1071
1000	25000	2661	2617	2432	2590	2529	2562	2689
1000	50000	5285	5274	5103	5121	5201	5178	5217
1000	100000	10274	10244	10279	10428	10339	10406	10357

false positive pools
1000	1000	0	115	5	79	66	72	75
1000	3000	0	3	111	84	137	58	66
1000	10000	0	0	176	0	192	0	0
1000	25000	0	0	90	0	83	0	0
1000	50000	0	0	0	0	0	0	0
1000	100000	0	0	0	0	0	0	0

false negative pools
1000	1000	692	2	5	0	0	0	0
1000	3000	1144	0	4	0	4	1	9
1000	10000	482	0	3	0	4	3	0
1000	25000	15	0	1	0	0	0	0
1000	50000	0	0	0	0	0	0	0
1000	100000	0	0	0	0	0	0	0

gain of malicious
1000	1000	2.94	-0.99	-0.41	-0.795	-0.86	-0.845	-0.875
1000	3000	1.408333	-0.52	-0.67	-0.646667	-0.705	-0.57	-0.576667
1000	10000	-0.249	-0.4915	-0.549	-0.497	-0.5685	-0.456	-0.4645
1000	25000	-0.4678	-0.4766	-0.5136	-0.482	-0.4942	-0.4876	-0.4622
1000	50000	-0.4715	-0.4726	-0.4897	-0.4879	-0.4799	-0.4822	-0.4783
1000	100000	-0.4863	-0.4878	-0.48605	-0.4786	-0.48305	-0.4797	-0.48215

execution time
1000	1000	0.24	10.87	0.19	1.81	1.82	0.33	0.41
1000	3000	0.28	7.51	0.41	1.95	2.16	0.39	0.43
1000	10000	0.41	2.2	0.66	2.16	2.29	0.45	0.58
1000	25000	0.64	0.74	2.17	2.04	3.51	0.61	0.93
1000	50000	1.04	1.03	4.15	2.26	5.24	1	1.42
1000	100000	2.16	1.66	7.41	2.72	2.27	1.7	2.47


miscalculated pools
1000	1000	103	90	100	102	92	115	106
1000	3000	311	297	309	292	337	297	333
1000	10000	999	990	1068	1006	1131	1036	1012
1000	25000	2561	2568	2629	2574	2581	2577	2607
1000	50000	5130	5242	5269	5221	5205	5077	5139
1000	100000	10396	10346	10307	10351	10274	10282	10491

discarded pools
1000	1000	766	1	94	38	35	45	41
1000	3000	1411	294	157	206	224	235	271
1000	10000	1556	990	879	1006	1150	1040	1012
1000	25000	2591	2568	2612	2574	2509	2577	2607
1000	50000	5130	5242	5269	5221	5205	5077	5139
1000	100000	10396	10346	10307	10351	10274	10282	10491

false positive pools
1000	1000	0	90	9	65	58	71	65
1000	3000	0	3	153	87	114	67	68
1000	10000	0	0	193	0	68	4	5
1000	25000	0	0	19	0	73	0	0
1000	50000	0	0	0	0	0	0	0
1000	100000	0	0	0	0	0	0	0

false negative pools
1000	1000	663	1	3	1	1	1	0
1000	3000	1100	0	1	1	1	5	6
1000	10000	557	0	4	0	87	8	5
1000	25000	30	0	2	0	1	0	0
1000	50000	0	0	0	0	0	0	0
1000	100000	0	0	0	0	0	0	0

gain of malicious
1000	1000	2.83	-0.995	-0.53	-0.81	-0.825	-0.775	-0.795
1000	3000	1.351667	-0.51	-0.738333	-0.656667	-0.626667	-0.608333	-0.548333
1000	10000	-0.222	-0.505	-0.5605	-0.497	-0.425	-0.48	-0.494
1000	25000	-0.4818	-0.4864	-0.4776	-0.4852	-0.4982	-0.4846	-0.4786
1000	50000	-0.487	-0.4758	-0.4731	-0.4779	-0.4795	-0.4923	-0.4861
1000	100000	-0.4802	-0.4827	-0.48465	-0.48245	-0.4863	-0.4859	-0.47545

execution time
1000	1000	0.28	11.06	0.24	1.8	2.31	0.33	0.37
1000	3000	0.28	7.25	0.38	1.95	2.06	0.35	0.44
1000	10000	0.38	2.31	0.79	2.87	2.31	0.44	0.6
1000	25000	0.67	0.73	2.17	2.25	2.81	0.64	0.88
1000	50000	2.86	0.96	3.9	2.39	3.23	0.97	1.43
1000	100000	2.01	1.71	8.16	2.83	2.59	1.66	2.67


miscalculated pools
1000	1000	108	109	110	109	96	101	91
1000	3000	329	325	340	326	334	280	302
1000	10000	1033	998	1048	1071	1017	1006	1027
1000	25000	2618	2571	2550	2613	2533	2536	2552
1000	50000	5174	5188	5287	5161	5241	5105	5081
1000	100000	10257	10305	10515	10476	10373	10265	10258

discarded pools
1000	1000	761	0	110	22	31	38	23
1000	3000	1327	325	218	247	188	223	235
1000	10000	1534	998	911	1064	819	999	1029
1000	25000	2654	2571	2326	2613	2437	2536	2552
1000	50000	5174	5188	5287	5161	5241	5105	5081
1000	100000	10257	10305	10515	10476	10373	10265	10258

false positive pools
1000	1000	0	109	4	88	66	63	68
1000	3000	0	0	126	83	147	60	74
1000	10000	0	0	143	7	200	10	4
1000	25000	0	0	224	0	96	0	0
1000	50000	0	0	0	0	0	0	0
1000	100000	0	0	0	0	0	0	0

false negative pools
1000	1000	653	0	4	1	1	0	0
1000	3000	998	0	4	4	1	3	7
1000	10000	501	0	6	0	2	3	6
1000	25000	36	0	0	0	0	0	0
1000	50000	0	0	0	0	0	0	0
1000	100000	0	0	0	0	0	0	0

gain of malicious
1000	1000	2.805	-1	-0.45	-0.89	-0.845	-0.81	-0.885
1000	3000	1.211667	-0.458333	-0.636667	-0.588333	-0.686667	-0.628333	-0.608333
1000	10000	-0.233	-0.501	-0.5445	-0.468	-0.5905	-0.5005	-0.4855
1000	25000	-0.4692	-0.4858	-0.5348	-0.4774	-0.5126	-0.4928	-0.4896
1000	50000	-0.4826	-0.4812	-0.4713	-0.4839	-0.4759	-0.4895	-0.4919
1000	100000	-0.48715	-0.48475	-0.47425	-0.4762	-0.48135	-0.48675	-0.4871

execution time
1000	1000	0.22	10.49	0.21	1.72	2.05	0.32	0.36
1000	3000	0.27	7.09	0.45	2.22	2.41	0.41	0.43
1000	10000	0.38	3.22	0.92	2.12	2.7	0.45	0.63
1000	25000	0.64	0.78	2.41	2.15	4.19	0.72	0.86
1000	50000	1.08	1.24	4.2	2.26	2.24	1.03	3.38
1000	100000	1.98	1.59	9.13	2.63	2.9	1.57	2.72


miscalculated pools
1000	1000	105	117	107	84	106	99	86
1000	3000	303	304	313	337	323	298	307
1000	10000	1056	1051	985	1025	997	1047	1056
1000	25000	2570	2656	2559	2677	2562	2584	2570
1000	50000	5045	5245	5234	5211	5219	5168	5212
1000	100000	10411	10332	10377	10177	10390	10379	10179

discarded pools
1000	1000	778	0	106	22	47	33	28
1000	3000	1374	294	172	261	197	251	246
1000	10000	1421	1051	785	1025	758	1050	1064
1000	25000	2589	2656	2515	2677	2548	2585	2570
1000	50000	5045	5245	5234	5211	5219	5168	5212
1000	100000	10411	10332	10377	10177	10390	10379	10179

false positive pools
1000	1000	0	117	5	62	65	68	58
1000	3000	0	10	141	76	127	51	67
1000	10000	0	0	204	0	241	0	3
1000	25000	0	0	45	0	15	0	0
1000	50000	0	0	0	0	0	0	0
1000	100000	0	0	0	0	0	0	0

false negative pools
1000	1000	673	0	4	0	6	2	0
1000	3000	1071	0	0	0	1	4	6
1000	10000	365	0	4	0	2	3	11
1000	25000	19	0	1	0	1	1	0
1000	50000	0	0	0	0	0	0	0
1000	100000	0	0	0	0	0	0	0

gain of malicious
1000	1000	2.89	-1	-0.47	-0.89	-0.765	-0.835	-0.86
1000	3000	1.29	-0.51	-0.713333	-0.565	-0.671667	-0.581667	-0.59
1000	10000	-0.2895	-0.4745	-0.6075	-0.4875	-0.621	-0.475	-0.468
1000	25000	-0.4822	-0.4688	-0.497	-0.4646	-0.4904	-0.483	-0.486
1000	50000	-0.4955	-0.4755	-0.4766	-0.4789	-0.4781	-0.4832	-0.4788
1000	100000	-0.47945	-0.4834	-0.48115	-0.49115	-0.4805	-0.48105	-0.49105

execution time
1000	1000	0.27	11.02	0.25	1.67	2.06	0.37	0.41
1000	3000	0.27	10.54	0.37	1.99	2.11	0.38	0.47
1000	10000	0.38	2.27	0.92	2.04	2.41	0.44	0.58
1000	25000	0.63	0.72	2.02	2.77	2.35	0.61	0.97
1000	50000	1.1	1.05	4.16	2.17	6.64	1.03	1.43
1000	100000	2.27	1.64	7.95	4.51	2.65	1.64	2.6


miscalculated pools
1000	1000	97	110	103	101	100	125	115
1000	3000	330	328	298	290	304	294	292
1000	10000	1028	1033	1060	1028	1038	1031	1040
1000	25000	2642	2602	2617	2568	2577	2652	2674
1000	50000	5263	5115	5234	5209	5111	5139	5215
1000	100000	10427	10312	10470	10295	10400	10505	10276

discarded pools
1000	1000	748	0	104	21	34	45	52
1000	3000	1348	322	167	220	181	234	244
1000	10000	1494	1033	901	1025	836	1032	1043
1000	25000	2653	2602	2565	2568	2453	2653	2674
1000	50000	5263	5115	5234	5209	5076	5139	5215
1000	100000	10427	10312	10470	10295	10400	10505	10276

false positive pools
1000	1000	0	110	5	80	67	80	63
1000	3000	0	6	132	71	123	67	53
1000	10000	0	0	164	3	203	6	0
1000	25000	0	0	54	0	124	0	0
1000	50000	0	0	0	0	35	0	0
1000	100000	0	0	0	0	0	0	0

false negative pools
1000	1000	651	0	6	0	1	0	0
1000	3000	1018	0	1	1	0	7	5
1000	10000	466	0	5	0	1	7	3
1000	25000	11	0	2	0	0	1	0
1000	50000	0	0	0	0	0	0	0
1000	100000	0	0	0	0	0	0	0

gain of malicious
1000	1000	2.74	-1	-0.48	-0.895	-0.83	-0.775	-0.74
1000	3000	1.246667	-0.463333	-0.721667	-0.633333	-0.698333	-0.61	-0.593333
1000	10000	-0.253	-0.4835	-0.5495	-0.4875	-0.582	-0.484	-0.4785
1000	25000	-0.4694	-0.4796	-0.487	-0.4864	-0.5094	-0.4694	-0.4652
1000	50000	-0.4737	-0.4885	-0.4766	-0.4791	-0.4924	-0.4861	-0.4785
1000	100000	-0.47865	-0.4844	-0.4765	-0.48525	-0.48	-0.47475	-0.4862

execution time
1000	1000	0.22	11.19	0.21	1.73	2.37	0.39	0.37
1000	3000	0.27	7.28	0.28	4.77	2.06	0.34	0.48
1000	10000	0.38	2.19	1.04	2.12	2.34	0.45	0.6
1000	25000	0.63	0.81	2.06	2.19	2.51	0.77	0.91
1000	50000	1.06	1.07	4.5	2.46	5.53	0.91	1.46
1000	100000	1.95	1.78	7.82	2.76	5.12	1.64	2.45


miscalculated pools
1000	1000	101	103	101	101	101	103	128
1000	3000	333	355	291	313	329	315	294
1000	10000	1042	1019	1045	1003	1079	1058	1086
1000	25000	2525	2629	2594	2613	2490	2605	2526
1000	50000	5236	5176	5219	5205	5105	5223	5212
1000	100000	10486	10343	10527	10293	10505	10452	10375

discarded pools
1000	1000	740	3	99	19	97	37	52
1000	3000	1287	347	148	241	182	264	221
1000	10000	1518	1019	832	1003	933	1062	1083
1000	25000	2551	2629	2453	2613	2426	2605	2526
1000	50000	5236	5176	5219	5205	5042	5223	5212
1000	100000	10486	10343	10527	10293	10505	10452	10375

false positive pools
1000	1000	0	103	6	84	6	66	76
1000	3000	0	8	144	74	149	52	81
1000	10000	0	0	218	0	156	0	12
1000	25000	0	0	141	0	64	0	0
1000	50000	0	0	0	0	63	0	0
1000	100000	0	0	0	0	0	0	0

false negative pools
1000	1000	639	3	4	2	2	0	0
1000	3000	954	0	1	2	2	1	8
1000	10000	476	0	5	0	10	4	9
1000	25000	26	0	0	0	0	0	0
1000	50000	0	0	0	0	0	0	0
1000	100000	0	0	0	0	0	0	0

gain of malicious
1000	1000	2.7	-0.985	-0.505	-0.905	-0.515	-0.815	-0.74
1000	3000	1.145	-0.421667	-0.753333	-0.598333	-0.696667	-0.56	-0.631667
1000	10000	-0.241	-0.4905	-0.584	-0.4985	-0.5335	-0.469	-0.4585
1000	25000	-0.4898	-0.4742	-0.5094	-0.4774	-0.5148	-0.479	-0.4948
1000	50000	-0.4764	-0.4824	-0.4781	-0.4795	-0.4958	-0.4777	-0.4788
1000	100000	-0.4757	-0.48285	-0.47365	-0.48535	-0.47475	-0.4774	-0.48125

execution time
1000	1000	0.22	10.81	0.2	1.74	1.86	0.32	0.34
1000	3000	0.28	6.85	0.38	1.93	2.6	0.42	0.41
1000	10000	0.37	2.02	0.97	2.13	2.69	0.45	0.57
1000	25000	0.69	0.82	2.43	2.06	2.54	0.71	0.89
1000	50000	1.06	1.29	3.83	2.18	3.82	1.02	1.58
1000	100000	1.95	1.71	7.28	2.72	2.41	1.66	2.45


miscalculated pools
1000	1000	98	102	112	103	89	107	109
1000	3000	302	318	311	286	337	305	285
1000	10000	1013	1049	1083	1004	1038	1039	1034
1000	25000	2633	2508	2559	2595	2599	2550	2561
1000	50000	5344	5166	5098	5099	5115	5088	5081
1000	100000	10457	10474	10456	10354	10308	10263	10346

discarded pools
1000	1000	786	0	104	15	31	24	36
1000	3000	1439	315	204	209	221	251	227
1000	10000	1622	1049	897	1004	878	1052	1045
1000	25000	2672	2508	2447	2595	2562	2550	2561
1000	50000	5344	5166	5098	5099	5083	5088	5081
1000	100000	10457	10474	10456	10354	10308	10263	10346

false positive pools
1000	1000	0	102	10	88	59	84	75
1000	3000	0	3	110	82	121	59	67
1000	10000	0	0	192	0	164	8	0
1000	25000	0	0	112	0	37	0	0
1000	50000	0	0	0	0	32	0	0
1000	100000	0	0	0	0	0	0	0

false negative pools
1000	1000	688	0	2	0	1	1	2
1000	3000	1137	0	3	5	5	5	9
1000	10000	609	0	6	0	4	21	11
1000	25000	39	0	0	0	0	0	0
1000	50000	0	0	0	0	0	0	0
1000	100000	0	0	0	0	0	0	0

gain of malicious
1000	1000	2.93	-1	-0.48	-0.925	-0.845	-0.88	-0.82
1000	3000	1.398333	-0.475	-0.66	-0.651667	-0.631667	-0.581667	-0.621667
1000	10000	-0.189	-0.4755	-0.5515	-0.498	-0.561	-0.474	-0.4775
1000	25000	-0.4656	-0.4984	-0.5106	-0.481	-0.4876	-0.49	-0.4878
1000	50000	-0.4656	-0.4834	-0.4902	-0.4901	-0.4917	-0.4912	-0.4919
1000	100000	-0.47715	-0.4763	-0.4772	-0.4823	-0.4846	-0.48685	-0.4827

execution time
1000	1000	0.28	11.01	0.2	1.67	2.52	0.33	0.42
1000	3000	2.85	7.07	0.33	1.86	2.07	0.51	0.42
1000	10000	0.38	2.37	1.11	4.81	2.24	0.5	0.56
1000	25000	0.66	0.72	1.97	1.93	2.81	3.15	0.99
1000	50000	1.08	0.97	5.05	2.18	2.34	0.97	1.47
1000	100000	3.19	1.74	7.6	2.67	2.42	1.62	2.52


miscalculated pools
1000	1000	94	99	105	105	112	87	96
1000	3000	292	314	321	320	303	291	350
1000	10000	1000	1044	1008	1026	1035	1063	1064
1000	25000	2576	2485	2534	2660	2661	2602	2656
1000	50000	5052	5179	5294	5188	5116	5046	5162
1000	100000	10261	10325	10377	10425	10386	10511	10244

discarded pools
1000	1000	764	0	99	20	45	34	21
1000	3000	1356	306	199	270	161	253	297
1000	10000	1466	1044	786	1018	825	1060	1059
1000	25000	2591	2485	2438	2660	2597	2602	2656
1000	50000	5052	5179	5294	5188	5116	5046	5162
1000	100000	10261	10325	10377	10425	10386	10511	10244

false positive pools
1000	1000	0	99	11	86	69	53	75
1000	3000	0	8	124	53	148	44	62
1000	10000	0	0	225	8	210	4	6
1000	25000	0	0	98	0	64	0	0
1000	50000	0	0	0	0	0	0	0
1000	100000	0	0	0	0	0	0	0

false negative pools
1000	1000	670	0	5	1	2	0	0
1000	3000	1064	0	2	3	6	6	9
1000	10000	466	0	3	0	0	1	1
1000	25000	15	0	2	0	0	0	0
1000	50000	0	0	0	0	0	0	0
1000	100000	0	0	0	0	0	0	0

gain of malicious
1000	1000	2.82	-1	-0.505	-0.9	-0.775	-0.83	-0.895
1000	3000	1.26	-0.49	-0.668333	-0.55	-0.731667	-0.578333	-0.505
1000	10000	-0.267	-0.478	-0.607	-0.491	-0.5875	-0.47	-0.4705
1000	25000	-0.4818	-0.503	-0.5124	-0.468	-0.4806	-0.4796	-0.4688
1000	50000	-0.4948	-0.4821	-0.4706	-0.4812	-0.4884	-0.4954	-0.4838
1000	100000	-0.48695	-0.48375	-0.48115	-0.47875	-0.4807	-0.47445	-0.4878

execution time
1000	1000	0.28	11.01	0.26	1.73	1.89	0.32	0.37
1000	3000	0.24	7.46	0.41	1.87	2.8	0.34	0.39
1000	10000	0.38	3.43	1.03	2.15	2.09	0.52	0.57
1000	25000	0.69	0.76	1.8	2.02	2.2	0.62	0.9
1000	50000	1.11	1	4.28	2.13	2.8	0.97	1.43
1000	100000	5.38	1.71	9.03	2.65	3.23	1.62	4.46


miscalculated pools
1000	1000	102	107	120	108	107	108	106
1000	3000	316	309	302	307	310	285	319
1000	10000	1033	1125	1049	1108	1062	1070	1024
1000	25000	2662	2468	2649	2548	2521	2637	2622
1000	50000	5142	5111	5196	5220	5204	5202	5169
1000	100000	10181	10197	10399	10295	10435	10365	10342

discarded pools
1000	1000	769	0	120	28	44	37	39
1000	3000	1344	304	177	234	187	234	265
1000	10000	1496	1125	897	1104	917	1072	1018
1000	25000	2687	2468	2483	2548	2376	2637	2623
1000	50000	5142	5111	5196	5220	5204	5202	5169
1000	100000	10181	10197	10399	10295	10435	10365	10342

false positive pools
1000	1000	0	107	5	80	63	72	67
1000	3000	0	5	127	75	124	58	63
1000	10000	0	0	152	4	154	10	17
1000	25000	0	0	166	0	146	0	0
1000	50000	0	0	0	0	0	0	0
1000	100000	0	0	0	0	0	0	0

false negative pools
1000	1000	667	0	5	0	0	1	0
1000	3000	1028	0	2	2	1	7	9
1000	10000	463	0	0	0	9	12	11
1000	25000	25	0	0	0	1	0	1
1000	50000	0	0	0	0	0	0	0
1000	100000	0	0	0	0	0	0	0

gain of malicious
1000	1000	2.845	-1	-0.4	-0.86	-0.78	-0.815	-0.805
1000	3000	1.24	-0.493333	-0.705	-0.61	-0.688333	-0.61	-0.558333
1000	10000	-0.252	-0.4375	-0.5515	-0.448	-0.5415	-0.464	-0.491
1000	25000	-0.4626	-0.5064	-0.5034	-0.4904	-0.5248	-0.4726	-0.4754
1000	50000	-0.4858	-0.4889	-0.4804	-0.478	-0.4796	-0.4798	-0.4831
1000	100000	-0.49095	-0.49015	-0.48005	-0.48525	-0.47825	-0.48175	-0.4829

execution time
1000	1000	0.21	11.15	0.23	1.74	2.1	0.31	0.49
1000	3000	0.25	8.9	0.33	1.88	4.01	0.36	0.41
1000	10000	0.38	1.97	1.02	2.03	2.72	0.43	0.54
1000	25000	0.75	0.78	2.19	2.06	2.93	0.62	0.97
1000	50000	1.27	1.05	3.98	2.19	2.68	1.14	1.48
1000	100000	2.01	1.6	9.31	2.61	2.79	1.55	2.53


miscalculated pools
1000	1000	91	107	127	89	122	107	105
1000	3000	306	300	330	310	335	305	311
1000	10000	925	1020	1091	1002	1062	1020	1088
1000	25000	2549	2570	2495	2606	2634	2615	2621
1000	50000	5162	5078	5158	5219	5144	5226	5237
1000	100000	10163	10366	10321	10323	10429	10397	10522

discarded pools
1000	1000	776	0	125	15	50	41	39
1000	3000	1377	294	218	232	215	251	259
1000	10000	1529	1020	950	1001	1043	1018	1091
1000	25000	2573	2570	2418	2606	2605	2615	2621
1000	50000	5162	5078	5158	5219	5110	5226	5237
1000	100000	10163	10366	10321	10323	10429	10397	10522

false positive pools
1000	1000	0	107	5	75	74	67	68
1000	3000	0	6	117	82	121	62	60
1000	10000	0	0	147	1	67	5	2
1000	25000	0	0	79	0	33	0	0
1000	50000	0	0	0	0	34	0	0
1000	100000	0	0	0	0	0	0	0

false negative pools
1000	1000	685	0	3	1	2	1	2
1000	3000	1071	0	5	4	1	8	8
1000	10000	604	0	6	0	48	3	5
1000	25000	24	0	2	0	4	0	0
1000	50000	0	0	0	0	0	0	0
1000	100000	0	0	0	0	0	0	0

gain of malicious
1000	1000	2.88	-1	-0.375	-0.925	-0.75	-0.795	-0.805
1000	3000	1.295	-0.51	-0.636667	-0.613333	-0.641667	-0.581667	-0.568333
1000	10000	-0.2355	-0.49	-0.525	-0.4995	-0.4785	-0.491	-0.4545
1000	25000	-0.4854	-0.486	-0.5164	-0.4788	-0.479	-0.477	-0.4758
1000	50000	-0.4838	-0.4922	-0.4842	-0.4781	-0.489	-0.4774	-0.4763
1000	100000	-0.49185	-0.4817	-0.48395	-0.48385	-0.47855	-0.48015	-0.4739

execution time
1000	1000	0.22	10.81	0.16	1.61	2.99	0.32	0.39
1000	3000	0.27	7.69	0.29	1.92	2.23	0.34	0.45
1000	10000	0.36	2.14	0.93	2.1	1.83	0.45	0.57
1000	25000	0.92	0.79	1.89	2.13	3.01	0.65	0.96
1000	50000	1.08	1.03	3.67	2.12	5.21	0.99	1.42
1000	100000	2.74	1.6	8.85	2.56	2.56	1.51	2.51


miscalculated pools
1000	1000	87	101	102	94	118	100	112
1000	3000	312	315	284	298	297	299	329
1000	10000	1043	1046	1036	996	1031	1014	1015
1000	25000	2569	2587	2539	2599	2594	2644	2631
1000	50000	5230	5108	5132	5224	5124	5223	5130
1000	100000	10385	10562	10447	10337	10410	10266	10313

discarded pools
1000	1000	789	1	102	18	53	28	39
1000	3000	1435	308	146	228	142	249	260
1000	10000	1571	1046	865	996	819	1019	1017
1000	25000	2586	2587	2422	2599	2538	2645	2631
1000	50000	5230	5108	5132	5224	5089	5223	5130
1000	100000	10385	10562	10447	10337	10410	10266	10313

false positive pools
1000	1000	0	101	4	77	67	72	73
1000	3000	0	7	139	74	155	52	85
1000	10000	0	0	174	0	212	3	3
1000	25000	0	0	118	0	60	0	0
1000	50000	0	0	0	0	35	0	0
1000	100000	0	0	0	0	0	0	0

false negative pools
1000	1000	702	1	4	1	2	0	0
1000	3000	1123	0	1	4	0	2	16
1000	10000	528	0	3	0	0	8	5
1000	25000	17	0	1	0	4	1	0
1000	50000	0	0	0	0	0	0	0
1000	100000	0	0	0	0	0	0	0

gain of malicious
1000	1000	2.945	-0.995	-0.49	-0.91	-0.735	-0.86	-0.805
1000	3000	1.391667	-0.486667	-0.756667	-0.62	-0.763333	-0.585	-0.566667
1000	10000	-0.2145	-0.477	-0.5675	-0.502	-0.5905	-0.4905	-0.4915
1000	25000	-0.4828	-0.4826	-0.5156	-0.4802	-0.4924	-0.471	-0.4738
1000	50000	-0.477	-0.4892	-0.4868	-0.4776	-0.4911	-0.4777	-0.487
1000	100000	-0.48075	-0.4719	-0.47765	-0.48315	-0.4795	-0.4867	-0.48435

execution time
1000	1000	0.26	11.2	0.25	1.81	1.62	0.36	0.42
1000	3000	0.27	7.78	0.43	1.9	2.51	0.35	0.42
1000	10000	0.4	2.72	1.33	2.24	2.58	0.46	0.56
1000	25000	0.66	0.71	1.95	2.16	4.43	0.67	0.96
1000	50000	1.44	1.02	4.54	2.26	3.21	0.97	1.47
1000	100000	1.98	1.71	8.42	2.77	3.16	1.72	2.74


miscalculated pools
1000	1000	93	95	84	97	112	105	99
1000	3000	323	322	312	338	337	332	320
1000	10000	1023	1045	1051	1023	1072	1030	1067
1000	25000	2612	2540	2594	2521	2673	2635	2668
1000	50000	5091	5222	5172	5210	5248	5071	5232
1000	100000	10292	10470	10468	10357	10345	10237	10361

discarded pools
1000	1000	800	0	83	10	41	38	32
1000	3000	1393	321	190	287	214	283	259
1000	10000	1569	1045	882	1020	878	1038	1065
1000	25000	2635	2540	2362	2521	2584	2636	2668
1000	50000	5091	5222	5172	5210	5176	5071	5232
1000	100000	10292	10470	10468	10357	10345	10237	10361

false positive pools
1000	1000	0	95	3	87	71	68	67
1000	3000	0	1	122	55	123	53	66
1000	10000	0	0	173	3	197	5	6
1000	25000	0	0	232	0	89	0	0
1000	50000	0	0	0	0	72	0	0
1000	100000	0	0	0	0	0	0	0

false negative pools
1000	1000	707	0	2	0	0	1	0
1000	3000	1070	0	0	4	0	4	5
1000	10000	546	0	4	0	3	13	4
1000	25000	23	0	0	0	0	1	0
1000	50000	0	0	0	0	0	0	0
1000	100000	0	0	0	0	0	0	0

gain of malicious
1000	1000	3	-1	-0.585	-0.95	-0.795	-0.81	-0.84
1000	3000	1.321667	-0.465	-0.683333	-0.521667	-0.643333	-0.528333	-0.568333
1000	10000	-0.2155	-0.4775	-0.559	-0.49	-0.561	-0.481	-0.4675
1000	25000	-0.473	-0.492	-0.5276	-0.4958	-0.4832	-0.4728	-0.4664
1000	50000	-0.4909	-0.4778	-0.4828	-0.479	-0.4824	-0.4929	-0.4768
1000	100000	-0.4854	-0.4765	-0.4766	-0.48215	-0.48275	-0.48815	-0.48195

execution time
1000	1000	0.21	10.85	0.31	1.73	2.54	0.31	0.35
1000	3000	0.26	7.06	0.37	1.87	2.41	0.36	0.41
1000	10000	0.38	1.9	0.98	2.12	2.4	1.94	0.59
1000	25000	0.61	0.81	2.05	2.12	4.81	0.71	0.92
1000	50000	1.09	1.08	4.28	2.19	2.27	0.94	1.45
1000	100000	2.01	1.66	7.69	2.62	2.3	1.62	2.54


miscalculated pools
1000	1000	95	104	81	96	96	104	100
1000	3000	312	302	297	333	319	330	306
1000	10000	1094	1016	1011	1014	987	1007	1024
1000	25000	2638	2588	2538	2464	2553	2557	2595
1000	50000	5110	5265	5034	5046	5249	5238	5275
1000	100000	10379	10479	10233	10375	10247	10243	10279

discarded pools
1000	1000	768	2	77	19	41	33	35
1000	3000	1337	295	185	277	175	285	252
1000	10000	1505	1016	793	1014	768	1011	1027
1000	25000	2667	2588	2432	2464	2537	2557	2595
1000	50000	5110	5265	5034	5046	5249	5238	5275
1000	100000	10379	10479	10233	10375	10247	10243	10279

false positive pools
1000	1000	0	104	6	79	57	71	65
1000	3000	0	7	115	58	144	52	56
1000	10000	0	0	221	0	220	0	3
1000	25000	0	0	106	0	16	0	0
1000	50000	0	0	0	0	0	0	0
1000	100000	0	0	0	0	0	0	0

false negative pools
1000	1000	673	2	2	2	2	0	0
1000	3000	1025	0	3	2	0	7	2
1000	10000	411	0	3	0	1	4	6
1000	25000	29	0	0	0	0	0	0
1000	50000	0	0	0	0	0	0	0
1000	100000	0	0	0	0	0	0	0

gain of malicious
1000	1000	2.84	-0.99	-0.615	-0.905	-0.795	-0.835	-0.825
1000	3000	1.228333	-0.508333	-0.691667	-0.538333	-0.708333	-0.525	-0.58
1000	10000	-0.2475	-0.492	-0.6035	-0.493	-0.616	-0.4945	-0.4865
1000	25000	-0.4666	-0.4824	-0.5136	-0.5072	-0.4926	-0.4886	-0.481
1000	50000	-0.489	-0.4735	-0.4966	-0.4954	-0.4751	-0.4762	-0.4725
1000	100000	-0.48105	-0.47605	-0.48835	-0.48125	-0.48765	-0.48785	-0.48605

execution time
1000	1000	0.24	11.19	0.17	1.73	1.92	0.32	0.4
1000	3000	0.34	7.59	0.52	4.37	1.71	0.33	0.44
1000	10000	0.38	2.12	0.88	2.01	2.52	0.53	0.53
1000	25000	0.7	4.59	2.49	2.19	2.02	0.67	0.95
1000	50000	1.69	1.02	3.95	2.05	4.16	1.01	1.42
1000	100000	2.19	1.58	7.96	2.7	2.59	1.54	2.49


miscalculated pools
1000	1000	112	86	97	116	112	98	117
1000	3000	323	310	284	303	301	289	295
1000	10000	1058	1058	1003	1021	1051	1024	1063
1000	25000	2557	2555	2541	2655	2571	2622	2563
1000	50000	5352	5200	5121	5039	5093	5224	5168
1000	100000	10387	10307	10415	10206	10356	10376	10418

discarded pools
1000	1000	762	9	92	28	43	31	41
1000	3000	1421	302	142	221	160	227	247
1000	10000	1501	1058	850	1021	896	1018	1066
1000	25000	2586	2555	2454	2655	2466	2625	2563
1000	50000	5353	5200	5121	5039	5093	5224	5168
1000	100000	10387	10307	10415	10206	10356	10376	10418

false positive pools
1000	1000	0	77	7	88	72	67	76
1000	3000	0	8	143	87	141	70	55
1000	10000	0	0	154	0	165	27	0
1000	25000	0	0	88	0	105	0	0
1000	50000	0	0	0	0	0	0	0
1000	100000	0	0	0	0	0	0	0

false negative pools
1000	1000	650	0	2	0	3	0	0
1000	3000	1098	0	1	5	0	8	7
1000	10000	443	0	1	0	10	21	3
1000	25000	29	0	1	0	0	3	0
1000	50000	1	0	0	0	0	0	0
1000	100000	0	0	0	0	0	0	0

gain of malicious
1000	1000	2.81	-0.955	-0.54	-0.86	-0.785	-0.845	-0.795
1000	3000	1.368333	-0.496667	-0.763333	-0.631667	-0.733333	-0.621667	-0.588333
1000	10000	-0.2495	-0.471	-0.575	-0.4895	-0.552	-0.491	-0.467
1000	25000	-0.4828	-0.489	-0.5092	-0.469	-0.5068	-0.475	-0.4874
1000	50000	-0.4647	-0.48	-0.4879	-0.4961	-0.4907	-0.4776	-0.4832
1000	100000	-0.48065	-0.48465	-0.47925	-0.4897	-0.4822	-0.4812	-0.4791

execution time
1000	1000	0.21	11.55	0.25	1.64	2.21	0.36	0.42
1000	3000	0.24	7.05	0.35	1.9	1.92	0.35	0.4
1000	10000	0.37	3.14	1.02	2.05	2.59	0.47	0.62
1000	25000	0.71	0.74	2.07	2.26	2.46	2.04	0.85
1000	50000	1.09	1.22	4.01	2.27	2.09	1	1.58
1000	100000	1.98	1.93	9.31	2.58	2.75	2.32	2.54


miscalculated pools
1000	1000	105	99	92	99	111	111	103
1000	3000	314	306	292	333	292	276	304
1000	10000	1024	1058	1024	1005	1010	1039	998
1000	25000	2578	2637	2578	2673	2639	2643	2652
1000	50000	5028	4976	5235	5285	5204	5122	5207
1000	100000	10368	10359	10277	10338	10496	10304	10311

discarded pools
1000	1000	752	2	90	23	40	39	28
1000	3000	1397	299	165	266	160	220	246
1000	10000	1466	1058	812	1003	770	1045	998
1000	25000	2616	2637	2493	2673	2594	2643	2652
1000	50000	5028	4976	5235	5285	5204	5122	5207
1000	100000	10368	10359	10277	10338	10496	10304	10311

false positive pools
1000	1000	0	99	6	77	74	72	75
1000	3000	0	7	128	70	133	61	64
1000	10000	0	0	214	2	241	0	9
1000	25000	0	0	85	0	45	0	0
1000	50000	0	0	0	0	0	0	0
1000	100000	0	0	0	0	0	0	0

false negative pools
1000	1000	647	2	4	1	3	0	0
1000	3000	1083	0	1	3	1	5	6
1000	10000	442	0	2	0	1	6	9
1000	25000	38	0	0	0	0	0	0
1000	50000	0	0	0	0	0	0	0
1000	100000	0	0	0	0	0	0	0

gain of malicious
1000	1000	2.76	-0.99	-0.55	-0.885	-0.8	-0.805	-0.86
1000	3000	1.328333	-0.501667	-0.725	-0.556667	-0.733333	-0.633333	-0.59
1000	10000	-0.267	-0.471	-0.594	-0.4985	-0.615	-0.4775	-0.501
1000	25000	-0.4768	-0.4726	-0.5014	-0.4654	-0.4812	-0.4714	-0.4696
1000	50000	-0.4972	-0.5024	-0.4765	-0.4715	-0.4796	-0.4878	-0.4793
1000	100000	-0.4816	-0.48205	-0.48615	-0.4831	-0.4752	-0.4848	-0.48445

execution time
1000	1000	0.22	11.09	0.34	1.81	2.09	0.39	0.4
1000	3000	0.24	7.31	0.35	1.87	2.11	0.34	0.4
1000	10000	0.36	2.03	0.81	2.21	2.61	0.48	0.58
1000	25000	0.64	0.71	2.06	2.14	2.1	0.63	1.73
1000	50000	1.16	0.95	4.03	2.18	2.17	1.03	1.47
1000	100000	2.81	1.63	8.1	2.71	2.61	1.8	2.88


miscalculated pools
1000	1000	115	111	112	98	111	100	100
1000	3000	292	301	314	284	317	321	298
1000	10000	1053	1045	1050	1049	1070	1041	1066
1000	25000	2546	2618	2567	2700	2545	2554	2576
1000	50000	5255	5163	5168	5286	5243	5227	5131
1000	100000	10356	10206	10380	10524	10271	10333	10330

discarded pools
1000	1000	767	2	110	30	10	37	46
1000	3000	1438	297	180	202	435	273	239
1000	10000	1526	1045	906	1049	893	1043	1069
1000	25000	2576	2618	2523	2700	2486	2554	2576
1000	50000	5255	5163	5168	5286	5243	5227	5131
1000	100000	10356	10206	10380	10524	10271	10333	10330

false positive pools
1000	1000	0	111	8	69	101	63	54
1000	3000	0	4	138	85	36	50	64
1000	10000	0	0	145	0	182	4	5
1000	25000	0	0	44	0	59	0	0
1000	50000	0	0	0	0	0	0	0
1000	100000	0	0	0	0	0	0	0

false negative pools
1000	1000	652	2	6	1	0	0	0
1000	3000	1146	0	4	3	154	2	5
1000	10000	473	0	1	0	5	6	8
1000	25000	30	0	0	0	0	0	0
1000	50000	0	0	0	0	0	0	0
1000	100000	0	0	0	0	0	0	0

gain of malicious
1000	1000	2.835	-0.99	-0.45	-0.85	-0.95	-0.815	-0.77
1000	3000	1.396667	-0.505	-0.7	-0.663333	-0.275	-0.545	-0.601667
1000	10000	-0.237	-0.4775	-0.547	-0.4755	-0.5535	-0.4785	-0.4655
1000	25000	-0.4848	-0.4764	-0.4954	-0.46	-0.5028	-0.4892	-0.4848
1000	50000	-0.4745	-0.4837	-0.4832	-0.4714	-0.4757	-0.4773	-0.4869
1000	100000	-0.4822	-0.4897	-0.481	-0.4738	-0.48645	-0.48335	-0.4835

execution time
1000	1000	0.2	10.76	0.25	1.82	1.85	0.35	0.36
1000	3000	0.32	7.69	0.52	3.95	1.84	0.38	0.48
1000	10000	0.39	2.2	1.02	2.09	2.04	0.43	0.61
1000	25000	0.64	0.97	1.92	2.19	2.73	0.71	0.9
1000	50000	2.98	1.04	4.01	2.36	2.37	1.01	1.41
1000	100000	2	1.74	7.67	2.63	2.58	1.58	3.28


miscalculated pools
1000	1000	105	104	105	104	111	106	99
1000	3000	284	331	330	297	296	297	328
1000	10000	1002	1044	1042	1055	1086	972	1027
1000	25000	2629	2614	2594	2587	2636	2610	2563
1000	50000	5131	5275	5128	5163	5283	5306	5146
1000	100000	10397	10362	10362	10385	10331	10378	10205

discarded pools
1000	1000	762	52	99	21	41	34	33
1000	3000	1429	329	209	219	164	234	265
1000	10000	1589	1044	892	1055	954	974	1027
1000	25000	2656	2614	2489	2587	2565	2610	2563
1000	50000	5131	5275	5128	5163	5283	5306	5146
1000	100000	10397	10362	10362	10385	10331	10378	10205

false positive pools
1000	1000	0	52	7	84	75	73	66
1000	3000	0	2	122	81	134	68	66
1000	10000	0	0	157	0	137	4	9
1000	25000	0	0	106	0	72	0	0
1000	50000	0	0	0	0	0	0	0
1000	100000	0	0	0	0	0	0	0

false negative pools
1000	1000	657	0	1	1	5	1	0
1000	3000	1145	0	1	3	2	5	3
1000	10000	587	0	7	0	5	6	9
1000	25000	27	0	1	0	1	0	0
1000	50000	0	0	0	0	0	0	0
1000	100000	0	0	0	0	0	0	0

gain of malicious
1000	1000	2.81	-0.74	-0.505	-0.895	-0.795	-0.83	-0.835
1000	3000	1.381667	-0.451667	-0.651667	-0.635	-0.726667	-0.61	-0.558333
1000	10000	-0.2055	-0.478	-0.554	-0.4725	-0.523	-0.513	-0.4865
1000	25000	-0.4688	-0.4772	-0.5022	-0.4826	-0.487	-0.478	-0.4874
1000	50000	-0.4869	-0.4725	-0.4872	-0.4837	-0.4717	-0.4694	-0.4854
1000	100000	-0.48015	-0.4819	-0.4819	-0.48075	-0.48345	-0.4811	-0.48975

execution time
1000	1000	0.21	11.26	0.25	1.79	2.08	0.31	0.41
1000	3000	0.26	7.09	0.53	1.93	3.3	0.36	0.38
1000	10000	0.38	2.07	1.08	2.44	2.45	0.61	0.54
1000	25000	0.7	0.83	2.46	2.05	2.4	0.63	0.94
1000	50000	1.1	0.96	4.53	2.03	2.25	0.96	1.46
1000	100000	1.93	1.63	7.96	2.81	3.02	1.63	2.55


miscalculated pools
1000	1000	116	103	88	113	100	94	99
1000	3000	308	332	305	304	290	349	288
1000	10000	1077	1071	1014	1037	1071	1075	1102
1000	25000	2617	2565	2580	2736	2639	2544	2549
1000	50000	5099	5217	5262	5151	5165	5201	5199
1000	100000	10323	10288	10294	10313	10413	10152	10178

discarded pools
1000	1000	729	0	87	37	34	33	43
1000	3000	1381	329	172	235	156	295	228
1000	10000	1555	1071	815	1037	942	1088	1107
1000	25000	2635	2565	2562	2736	2622	2545	2549
1000	50000	5099	5217	5262	5151	5165	5201	5199
1000	100000	10323	10288	10294	10313	10413	10152	10178

false positive pools
1000	1000	0	103	6	76	68	61	56
1000	3000	0	3	133	74	138	58	64
1000	10000	0	0	204	0	135	0	5
1000	25000	0	0	20	0	17	0	0
1000	50000	0	0	0	0	0	0	0
1000	100000	0	0	0	0	0	0	0

false negative pools
1000	1000	613	0	5	0	2	0	0
1000	3000	1073	0	0	5	4	4	4
1000	10000	478	0	5	0	6	13	10
1000	25000	18	0	2	0	0	1	0
1000	50000	0	0	0	0	0	0	0
1000	100000	0	0	0	0	0	0	0

gain of malicious
1000	1000	2.645	-1	-0.565	-0.815	-0.83	-0.835	-0.785
1000	3000	1.301667	-0.451667	-0.713333	-0.608333	-0.74	-0.508333	-0.62
1000	10000	-0.2225	-0.4645	-0.5925	-0.4815	-0.529	-0.456	-0.4465
1000	25000	-0.473	-0.487	-0.4876	-0.4528	-0.4756	-0.491	-0.4902
1000	50000	-0.4901	-0.4783	-0.4738	-0.4849	-0.4835	-0.4799	-0.4801
1000	100000	-0.48385	-0.4856	-0.4853	-0.48435	-0.47935	-0.4924	-0.4911

execution time
1000	1000	0.3	11.04	0.25	1.74	2.5	0.43	0.34
1000	3000	0.32	7.06	0.48	1.94	1.93	2.88	0.4
1000	10000	0.44	2.12	0.93	3.49	2	0.53	0.69
1000	25000	0.72	0.72	2.27	2.09	2.65	0.63	0.9
1000	50000	1.3	1.27	5.09	2.26	8.02	0.91	1.41
1000	100000	2.01	1.67	8.31	2.67	3.21	1.69	3.17


miscalculated pools
1000	1000	97	110	102	90	106	111	105
1000	3000	321	328	324	274	322	351	324
1000	10000	1019	1026	1021	1008	990	1033	983
1000	25000	2595	2573	2565	2546	2557	2568	2581
1000	50000	5223	5091	5251	5213	5116	5268	5282
1000	100000	10407	10269	10370	10252	10325	10483	10274

discarded pools
1000	1000	764	4	92	17	49	36	31
1000	3000	1357	323	209	194	183	316	243
1000	10000	1562	1026	816	1006	763	1030	981
1000	25000	2611	2573	2550	2546	2468	2568	2581
1000	50000	5223	5091	5251	5213	5082	5268	5282
1000	100000	10407	10269	10370	10252	10325	10483	10274

false positive pools
1000	1000	0	110	12	73	59	75	75
1000	3000	0	5	117	81	142	41	88
1000	10000	0	0	206	2	233	9	16
1000	25000	0	0	16	0	90	0	0
1000	50000	0	0	0	0	34	0	0
1000	100000	0	0	0	0	0	0	0

false negative pools
1000	1000	667	4	2	0	2	0	1
1000	3000	1036	0	2	1	3	6	7
1000	10000	543	0	1	0	6	6	14
1000	25000	16	0	1	0	1	0	0
1000	50000	0	0	0	0	0	0	0
1000	100000	0	0	0	0	0	0	0

gain of malicious
1000	1000	2.82	-0.98	-0.54	-0.915	-0.755	-0.82	-0.845
1000	3000	1.261667	-0.461667	-0.651667	-0.676667	-0.695	-0.473333	-0.595
1000	10000	-0.219	-0.487	-0.592	-0.497	-0.6185	-0.485	-0.5095
1000	25000	-0.4778	-0.4854	-0.49	-0.4908	-0.5064	-0.4864	-0.4838
1000	50000	-0.4777	-0.4909	-0.4749	-0.4787	-0.4918	-0.4732	-0.4718
1000	100000	-0.47965	-0.48655	-0.4815	-0.4874	-0.48375	-0.47585	-0.4863

execution time
1000	1000	0.23	11.38	0.33	1.69	1.91	0.32	0.36
1000	3000	0.25	6.99	0.36	1.87	5.29	0.5	0.39
1000	10000	0.37	2.18	0.99	2.08	2.6	0.44	0.57
1000	25000	0.69	0.77	2.37	2.06	3.04	0.65	0.86
1000	50000	3.28	1.06	3.89	2.25	3.37	1.01	1.48
1000	100000	4.92	1.7	7.32	2.63	2.92	1.6	2.48


miscalculated pools
1000	1000	113	104	100	116	101	86	99
1000	3000	280	321	304	279	310	349	296
1000	10000	1048	1022	1026	1024	1070	1058	1079
1000	25000	2584	2655	2738	2587	2646	2621	2697
1000	50000	5167	5189	5075	5165	5145	5164	5111
1000	100000	10333	10376	10337	10350	10439	10390	10277

discarded pools
1000	1000	754	0	100	22	37	27	32
1000	3000	1516	318	171	190	186	299	237
1000	10000	1516	1022	821	1024	932	1064	1088
1000	25000	2611	2655	2615	2587	2537	2621	2697
1000	50000	5168	5189	5075	5165	5145	5164	5111
1000	100000	10333	10376	10337	10350	10439	10390	10277

false positive pools
1000	1000	0	104	4	94	64	59	67
1000	3000	0	3	135	90	124	56	63
1000	10000	0	0	209	0	144	3	0
1000	25000	0	0	123	0	109	0	0
1000	50000	0	0	0	0	0	0	0
1000	100000	0	0	0	0	0	0	0

false negative pools
1000	1000	641	0	4	0	0	0	0
1000	3000	1236	0	2	1	0	6	4
1000	10000	468	0	4	0	6	9	9
1000	25000	27	0	0	0	0	0	0
1000	50000	1	0	0	0	0	0	0
1000	100000	0	0	0	0	0	0	0

gain of malicious
1000	1000	2.77	-1	-0.5	-0.89	-0.815	-0.865	-0.84
1000	3000	1.526667	-0.47	-0.715	-0.683333	-0.69	-0.501667	-0.605
1000	10000	-0.242	-0.489	-0.5895	-0.488	-0.534	-0.468	-0.456
1000	25000	-0.4778	-0.469	-0.477	-0.4826	-0.4926	-0.4758	-0.4606
1000	50000	-0.4832	-0.4811	-0.4925	-0.4835	-0.4855	-0.4836	-0.4889
1000	100000	-0.48335	-0.4812	-0.48315	-0.4825	-0.47805	-0.4805	-0.48615

execution time
1000	1000	0.54	10.91	0.28	1.67	1.74	0.32	0.39
1000	3000	0.23	7.12	0.45	1.9	2.25	0.38	0.4
1000	10000	0.36	2.27	0.75	2.07	2.36	0.43	0.62
1000	25000	0.66	0.81	1.87	3.65	2.82	0.7	0.95
1000	50000	1.11	1	3.46	2.2	2.67	1.03	1.54
1000	100000	1.94	1.73	8.79	2.77	3.07	1.54	6.19


miscalculated pools
1000	1000	87	117	99	92	113	113	101
1000	3000	308	292	300	297	297	330	299
1000	10000	1038	1029	1038	1061	1046	1038	1025
1000	25000	2604	2599	2544	2596	2646	2606	2555
1000	50000	5151	5166	5147	5251	5125	5188	5216
1000	100000	10360	10205	10259	10346	10304	10484	10408

discarded pools
1000	1000	772	3	99	24	44	44	34
1000	3000	1427	283	141	210	176	276	226
1000	10000	1482	1029	850	1061	912	1027	1029
1000	25000	2638	2599	2499	2596	2648	2606	2555
1000	50000	5151	5166	5147	5251	5089	5188	5216
1000	100000	10360	10205	10259	10346	10304	10484	10408

false positive pools
1000	1000	0	117	4	68	69	70	68
1000	3000	0	9	161	90	122	57	83
1000	10000	0	0	195	0	143	20	4
1000	25000	0	0	46	0	0	0	0
1000	50000	0	0	0	0	36	0	0
1000	100000	0	0	0	0	0	0	0

false negative pools
1000	1000	685	3	4	0	0	1	1
1000	3000	1119	0	2	3	1	3	10
1000	10000	444	0	7	0	9	9	8
1000	25000	34	0	1	0	2	0	0
1000	50000	0	0	0	0	0	0	0
1000	100000	0	0	0	0	0	0	0

gain of malicious
1000	1000	2.86	-0.985	-0.505	-0.88	-0.78	-0.78	-0.83
1000	3000	1.378333	-0.528333	-0.765	-0.65	-0.706667	-0.54	-0.623333
1000	10000	-0.259	-0.4855	-0.575	-0.4695	-0.544	-0.4865	-0.4855
1000	25000	-0.4724	-0.4802	-0.5002	-0.4808	-0.4704	-0.4788	-0.489
1000	50000	-0.4849	-0.4834	-0.4853	-0.4749	-0.4911	-0.4812	-0.4784
1000	100000	-0.482	-0.48975	-0.48705	-0.4827	-0.4848	-0.4758	-0.4796

execution time
1000	1000	0.53	10.72	0.23	1.67	1.78	0.32	0.35
1000	3000	0.25	8.4	0.5	1.84	1.9	0.36	0.42
1000	10000	0.4	2.22	1.01	2.11	2.35	0.51	0.54
1000	25000	0.62	0.79	2.36	2.08	2.54	0.7	0.93
1000	50000	1.1	1.01	4.53	2.2	2.76	0.98	1.44
1000	100000	1.97	1.71	8.75	2.58	2.42	1.58	2.75


miscalculated pools
1000	1000	106	104	86	108	97	106	102
1000	3000	267	301	297	315	293	314	309
1000	10000	1014	1066	1070	1045	1014	1076	1024
1000	25000	2489	2604	2637	2604	2586	2580	2627
1000	50000	5157	5163	5107	5249	5122	5182	5142
1000	100000	10461	10501	10365	10411	10310	10317	10472

discarded pools
1000	1000	729	1	83	27	29	39	52
1000	3000	1550	298	158	253	169	259	240
1000	10000	1584	1066	908	1045	930	1080	1028
1000	25000	2537	2604	2498	2604	2523	2580	2627
1000	50000	5157	5163	5107	5249	5122	5182	5142
1000	100000	10461	10501	10365	10411	10310	10317	10472

false positive pools
1000	1000	0	104	5	82	68	69	50
1000	3000	0	3	139	65	125	61	73
1000	10000	0	0	165	0	87	0	4
1000	25000	0	0	139	0	63	0	0
1000	50000	0	0	0	0	0	0	0
1000	100000	0	0	0	0	0	0	0

false negative pools
1000	1000	623	1	2	1	0	2	0
1000	3000	1283	0	0	3	1	6	4
1000	10000	570	0	3	0	3	4	8
1000	25000	48	0	0	0	0	0	0
1000	50000	0	0	0	0	0	0	0
1000	100000	0	0	0	0	0	0	0

gain of malicious
1000	1000	2.645	-0.995	-0.585	-0.865	-0.855	-0.805	-0.74
1000	3000	1.583333	-0.503333	-0.736667	-0.578333	-0.718333	-0.568333	-0.6
1000	10000	-0.208	-0.467	-0.546	-0.4775	-0.535	-0.46	-0.486
1000	25000	-0.4926	-0.4792	-0.5004	-0.4792	-0.4954	-0.484	-0.4746
1000	50000	-0.4843	-0.4837	-0.4893	-0.4751	-0.4878	-0.4818	-0.4858
1000	100000	-0.47695	-0.47495	-0.48175	-0.47945	-0.4845	-0.48415	-0.4764

execution time
1000	1000	0.21	10.75	0.21	1.74	2.82	0.33	0.37
1000	3000	0.44	7.31	0.51	1.94	1.86	0.38	0.41
1000	10000	0.38	2.21	1.17	3.44	2.37	0.45	0.59
1000	25000	0.63	1.73	2.11	2.11	2.62	0.67	0.88
1000	50000	1.06	1.05	3.91	2.28	2.41	1.59	1.34
1000	100000	2.59	1.71	8.86	2.69	2.88	1.73	2.8

