

discarded pools
1000	1000	767.133333	0.866667	99.066667	21	49.666667	36.366667	35.533333	
1000	3000	1793.700000	13.533333	39.700000	84.900000	95	120.100000	101.066667	
1000	10000	5623.600000	56.766667	82.833333	135.500000	115.666667	183.800000	160.433333	
1000	25000	14071.433333	135.300000	230.300000	232.833333	255.466667	301.566667	292.400000	
1000	50000	27856.066667	269.300000	598.100000	400.566667	553.700000	495.733333	505.600000	
1000	100000	55909.700000	540.666667	585.533333	729.166667	1158.300000	889.500000	965.366667	

miscalculated pools
1000	1000	100.266667	103.066667	102.266667	103.433333	105	103.400000	104.400000	
1000	3000	209.400000	208.566667	211.366667	210.600000	210.500000	209.800000	211.666667	
1000	10000	277.133333	279.100000	277.400000	276.266667	279.300000	278.200000	278.433333	
1000	25000	400.466667	393.600000	398.133333	401.900000	395.966667	396.966667	397.466667	
1000	50000	587.333333	594.133333	600.433333	592.666667	592.200000	595.266667	597.066667	
1000	100000	995.466667	991.700000	988.833333	996.266667	992.933333	991.133333	984.566667	

execution time
1000	1000	0.074333	6.247667	0.091333	0.867333	0.924000	0.119333	0.136333	
1000	3000	0.090667	4.920333	0.134667	0.914000	0.831333	0.137333	0.149333	
1000	10000	0.124333	4.799667	0.272333	0.972667	0.854000	0.168333	0.185667	
1000	25000	0.209333	4.754333	0.547333	1.033667	0.856000	0.232333	0.267333	
1000	50000	0.346333	4.993000	1.012667	1.209000	0.887667	0.338333	0.397333	
1000	100000	0.632000	5.205000	1.977667	1.328667	1.156667	0.552000	0.661667	

gain of malicious
1000	1000	2.835667	-0.995667	-0.504667	-0.895000	-0.751667	-0.818167	-0.822333	
1000	3000	1.989500	-0.977445	-0.933833	-0.858500	-0.841667	-0.799833	-0.831556	
1000	10000	1.811800	-0.971617	-0.958583	-0.932250	-0.942167	-0.908100	-0.919783	
1000	25000	1.814287	-0.972940	-0.953940	-0.953433	-0.948907	-0.939687	-0.941520	
1000	50000	1.785607	-0.973070	-0.940190	-0.959943	-0.944630	-0.950427	-0.949440	
1000	100000	1.795485	-0.972967	-0.970723	-0.963542	-0.942085	-0.955525	-0.951732	

false positive pools
1000	1000	0	103.066667	6.466667	83.233333	57.633333	67.800000	69.200000	
1000	3000	0	208.566667	174	138.833333	139.833333	100.500000	121.700000	
1000	10000	0	279.100000	222.233333	195.533333	218.233333	153.266667	187.866667	
1000	25000	0	393.600000	309.866667	311.866667	319.333333	249.300000	298.933333	
1000	50000	0	594.133333	440.733333	490.100000	488.533333	407.600000	480.233333	
1000	100000	0	991.700000	842.900000	860.666667	845.166667	726.700000	833.333333	

false negative pools
1000	1000	666.866667	0.866667	3.266667	0.800000	2.300000	0.766667	0.333333	
1000	3000	1584.300000	13.533333	2.333333	13.133333	24.333333	10.800000	11.100000	
1000	10000	5346.466667	56.766667	27.666667	54.766667	54.600000	58.866667	69.866667	
1000	25000	13670.966667	135.300000	142.033333	142.800000	178.833333	153.900000	193.866667	
1000	50000	27268.733333	269.300000	438.400000	298	450.033333	308.066667	388.766667	
1000	100000	54914.233333	540.666667	439.600000	593.566667	1010.533333	625.066667	814.133333	

