miscalculated pools
1000	1000	98	105	114	108	98	101	102	
1000	3000	205	224	209	210	213	211	211	
1000	10000	275	281	264	291	263	281	280	
1000	25000	415	396	405	419	393	396	386	
1000	50000	579	590	601	602	573	610	560	
1000	100000	994	1015	973	957	1019	980	992	

discarded pools
1000	1000	773	2	112	26	33	38	32	
1000	3000	1819	17	36	81	28	126	97	
1000	10000	5761	48	38	126	346	182	155	
1000	25000	14070	140	1429	222	39	311	250	
1000	50000	27194	256	63	428	1618	512	461	
1000	100000	57470	537	103	738	85	835	896	

false positive pools
1000	1000	0	105	6	83	66	64	71	
1000	3000	0	224	173	140	185	98	125	
1000	10000	0	281	227	221	137	162	196	
1000	25000	0	396	0	321	358	239	291	
1000	50000	0	590	554	493	338	428	458	
1000	100000	0	1015	902	821	970	707	855	

false negative pools
1000	1000	675	2	4	1	1	1	1	
1000	3000	1614	17	0	11	0	13	11	
1000	10000	5486	48	1	56	220	63	71	
1000	25000	13655	140	1024	124	4	154	155	
1000	50000	26615	256	16	319	1383	330	359	
1000	100000	56476	537	32	602	36	562	759	

gain of malicious
1000	1000	2.865000	-0.990000	-0.440000	-0.870000	-0.835000	-0.810000	-0.840000	
1000	3000	2.031667	-0.971667	-0.940000	-0.865000	-0.953333	-0.790000	-0.838333	
1000	10000	1.880500	-0.976000	-0.981000	-0.937000	-0.827000	-0.909000	-0.922500	
1000	25000	1.814000	-0.972000	-0.714200	-0.955600	-0.992200	-0.937800	-0.950000	
1000	50000	1.719400	-0.974400	-0.993700	-0.957200	-0.838200	-0.948800	-0.953900	
1000	100000	1.873500	-0.973150	-0.994850	-0.963100	-0.995750	-0.958250	-0.955200	

execution time
1000	1000	0.090000	6.230000	0.100000	0.850000	2.810000	0.110000	0.120000	
1000	3000	0.090000	5.700000	0.140000	0.930000	0.950000	0.140000	0.160000	
1000	10000	0.120000	4.690000	0.270000	0.950000	0.840000	0.180000	0.190000	
1000	25000	0.200000	4.730000	0.550000	1.820000	0.920000	0.240000	0.280000	
1000	50000	0.340000	4.840000	1.020000	1.110000	0.830000	0.330000	0.390000	
1000	100000	0.600000	5.060000	1.990000	1.320000	1.090000	0.560000	0.650000	


miscalculated pools
1000	1000	100	97	96	105	101	102	109	
1000	3000	218	203	205	226	216	198	207	
1000	10000	268	273	276	273	283	283	286	
1000	25000	391	390	374	382	403	383	409	
1000	50000	607	596	623	563	580	626	580	
1000	100000	989	940	989	973	1015	1006	1013	

discarded pools
1000	1000	792	0	98	25	44	35	42	
1000	3000	1745	12	39	89	28	110	108	
1000	10000	5606	58	37	132	38	213	173	
1000	25000	13688	136	44	224	49	305	296	
1000	50000	28323	285	53	419	1398	540	452	
1000	100000	56573	559	5196	763	82	971	916	

false positive pools
1000	1000	0	97	4	81	59	69	67	
1000	3000	0	203	166	142	188	95	108	
1000	10000	0	273	240	202	248	141	193	
1000	25000	0	390	334	291	362	243	301	
1000	50000	0	596	578	469	359	441	468	
1000	100000	0	940	0	839	970	684	891	

false negative pools
1000	1000	692	0	6	1	2	2	0	
1000	3000	1527	12	0	5	0	7	9	
1000	10000	5338	58	1	61	3	71	80	
1000	25000	13297	136	4	133	8	165	188	
1000	50000	27716	285	8	325	1177	355	340	
1000	100000	55584	559	4207	629	37	649	794	

gain of malicious
1000	1000	2.960000	-1.000000	-0.510000	-0.875000	-0.780000	-0.825000	-0.790000	
1000	3000	1.908333	-0.980000	-0.935000	-0.851667	-0.953333	-0.816667	-0.820000	
1000	10000	1.803000	-0.971000	-0.981500	-0.934000	-0.981000	-0.893500	-0.913500	
1000	25000	1.737600	-0.972800	-0.991200	-0.955200	-0.990200	-0.939000	-0.940800	
1000	50000	1.832300	-0.971500	-0.994700	-0.958100	-0.860200	-0.946000	-0.954800	
1000	100000	1.828650	-0.972050	-0.740200	-0.961850	-0.995900	-0.951450	-0.954200	

execution time
1000	1000	0.060000	6.260000	0.080000	0.880000	0.750000	0.130000	0.140000	
1000	3000	0.090000	4.920000	0.150000	0.910000	0.900000	0.140000	0.160000	
1000	10000	0.130000	4.640000	0.250000	0.960000	0.750000	0.160000	0.170000	
1000	25000	0.210000	4.690000	0.530000	1.020000	0.890000	0.230000	0.270000	
1000	50000	0.330000	4.820000	1.010000	1.110000	0.860000	0.340000	0.400000	
1000	100000	0.590000	5.060000	1.980000	1.330000	1.060000	0.570000	0.660000	


miscalculated pools
1000	1000	96	105	120	109	109	116	87	
1000	3000	202	207	204	209	221	203	221	
1000	10000	282	277	268	261	290	264	292	
1000	25000	376	405	387	387	401	391	401	
1000	50000	594	590	602	600	573	607	631	
1000	100000	987	1036	991	1032	1021	996	979	

discarded pools
1000	1000	788	0	117	25	49	43	34	
1000	3000	1789	11	34	73	181	114	97	
1000	10000	5748	71	46	110	44	168	172	
1000	25000	14161	150	1447	209	53	332	316	
1000	50000	27812	295	58	405	60	545	564	
1000	100000	56341	522	79	701	60	881	1045	

false positive pools
1000	1000	0	105	9	86	61	73	53	
1000	3000	0	207	170	148	105	99	133	
1000	10000	0	277	223	205	249	148	194	
1000	25000	0	405	0	323	354	240	301	
1000	50000	0	590	556	495	528	381	498	
1000	100000	0	1036	945	921	981	765	836	

false negative pools
1000	1000	692	0	6	2	1	0	0	
1000	3000	1587	11	0	12	65	10	9	
1000	10000	5466	71	1	54	3	52	74	
1000	25000	13785	150	1060	145	6	181	216	
1000	50000	27218	295	12	300	15	319	431	
1000	100000	55354	522	33	590	20	650	902	

gain of malicious
1000	1000	2.940000	-1.000000	-0.415000	-0.875000	-0.755000	-0.785000	-0.830000	
1000	3000	1.981667	-0.981667	-0.943333	-0.878333	-0.698333	-0.810000	-0.838333	
1000	10000	1.874000	-0.964500	-0.977000	-0.945000	-0.978000	-0.916000	-0.914000	
1000	25000	1.832200	-0.970000	-0.710600	-0.958200	-0.989400	-0.933600	-0.936800	
1000	50000	1.781200	-0.970500	-0.994200	-0.959500	-0.994000	-0.945500	-0.943600	
1000	100000	1.817050	-0.973900	-0.996050	-0.964950	-0.997000	-0.955950	-0.947750	

execution time
1000	1000	0.080000	6.180000	0.090000	0.860000	1.060000	0.130000	0.120000	
1000	3000	0.080000	4.850000	0.140000	0.890000	0.620000	0.140000	0.160000	
1000	10000	0.130000	4.680000	0.250000	0.960000	0.890000	0.180000	0.180000	
1000	25000	0.200000	4.680000	0.550000	1.010000	0.800000	0.240000	0.260000	
1000	50000	0.330000	4.810000	1.020000	1.120000	0.700000	0.340000	0.410000	
1000	100000	0.610000	5.100000	2.000000	1.330000	1.060000	0.540000	0.660000	


miscalculated pools
1000	1000	109	102	88	98	104	102	127	
1000	3000	212	209	206	212	207	208	218	
1000	10000	270	279	271	278	297	294	275	
1000	25000	416	402	394	373	391	411	401	
1000	50000	553	593	560	579	573	603	588	
1000	100000	996	981	939	949	1015	1016	1016	

discarded pools
1000	1000	748	3	80	21	97	42	53	
1000	3000	1797	11	269	79	39	133	92	
1000	10000	5674	54	43	156	35	184	171	
1000	25000	14520	145	1400	257	46	296	254	
1000	50000	28375	260	52	380	66	567	600	
1000	100000	55684	610	56	726	2653	948	1029	

false positive pools
1000	1000	0	102	10	77	10	62	76	
1000	3000	0	209	1	145	168	90	135	
1000	10000	0	279	229	185	262	163	182	
1000	25000	0	402	0	287	348	251	318	
1000	50000	0	593	514	494	521	373	450	
1000	100000	0	981	897	817	723	717	846	

false negative pools
1000	1000	639	3	2	0	3	2	2	
1000	3000	1585	11	64	12	0	15	9	
1000	10000	5404	54	1	63	0	53	78	
1000	25000	14104	145	1006	171	3	136	171	
1000	50000	27822	260	6	295	14	337	462	
1000	100000	54688	610	14	594	2361	649	859	

gain of malicious
1000	1000	2.740000	-0.985000	-0.600000	-0.895000	-0.515000	-0.790000	-0.735000	
1000	3000	1.995000	-0.981667	-0.551667	-0.868333	-0.935000	-0.778333	-0.846667	
1000	10000	1.837000	-0.973000	-0.978500	-0.922000	-0.982500	-0.908000	-0.914500	
1000	25000	1.904000	-0.971000	-0.720000	-0.948600	-0.990800	-0.940800	-0.949200	
1000	50000	1.837500	-0.974000	-0.994800	-0.962000	-0.993400	-0.943300	-0.940000	
1000	100000	1.784200	-0.969500	-0.997200	-0.963700	-0.867350	-0.952600	-0.948550	

execution time
1000	1000	0.070000	6.180000	0.090000	0.880000	0.670000	0.120000	0.140000	
1000	3000	0.080000	4.740000	0.120000	0.920000	0.860000	0.130000	0.170000	
1000	10000	0.130000	4.670000	0.260000	0.940000	0.950000	0.170000	0.200000	
1000	25000	0.190000	4.700000	0.550000	1.000000	0.930000	0.230000	0.280000	
1000	50000	0.340000	4.830000	1.000000	1.140000	0.840000	0.340000	0.390000	
1000	100000	0.600000	4.990000	1.970000	1.330000	1.090000	0.530000	0.670000	


miscalculated pools
1000	1000	81	84	96	105	95	112	106	
1000	3000	216	209	218	211	217	212	211	
1000	10000	280	301	288	270	277	288	280	
1000	25000	410	387	385	427	405	397	401	
1000	50000	585	596	572	625	606	582	558	
1000	100000	1037	1008	984	1003	932	928	1005	

discarded pools
1000	1000	780	0	97	20	30	36	46	
1000	3000	1808	20	40	93	31	117	94	
1000	10000	5722	58	40	125	34	189	164	
1000	25000	14271	147	46	213	65	317	264	
1000	50000	28097	252	56	375	1253	489	516	
1000	100000	55104	563	70	675	65	895	869	

false positive pools
1000	1000	0	84	3	85	68	76	61	
1000	3000	0	209	178	133	187	103	125	
1000	10000	0	301	248	196	244	161	175	
1000	25000	0	387	341	330	348	239	318	
1000	50000	0	596	525	539	422	386	456	
1000	100000	0	1008	939	872	879	623	862	

false negative pools
1000	1000	699	0	4	0	3	0	1	
1000	3000	1592	20	0	15	1	8	8	
1000	10000	5442	58	0	51	1	62	59	
1000	25000	13861	147	2	116	8	159	181	
1000	50000	27512	252	9	289	1069	293	414	
1000	100000	54067	563	25	544	12	590	726	

gain of malicious
1000	1000	2.900000	-1.000000	-0.515000	-0.900000	-0.850000	-0.820000	-0.770000	
1000	3000	2.013333	-0.966667	-0.933333	-0.845000	-0.948333	-0.805000	-0.843333	
1000	10000	1.861000	-0.971000	-0.980000	-0.937500	-0.983000	-0.905500	-0.918000	
1000	25000	1.854200	-0.970600	-0.990800	-0.957400	-0.987000	-0.936600	-0.947200	
1000	50000	1.809700	-0.974800	-0.994400	-0.962500	-0.874700	-0.951100	-0.948400	
1000	100000	1.755200	-0.971850	-0.996500	-0.966250	-0.996750	-0.955250	-0.956550	

execution time
1000	1000	0.080000	6.500000	0.100000	0.870000	0.760000	0.130000	0.120000	
1000	3000	0.090000	4.800000	0.130000	0.910000	0.610000	0.130000	0.140000	
1000	10000	0.130000	4.570000	0.270000	0.940000	0.900000	0.170000	0.190000	
1000	25000	0.210000	5.210000	0.550000	0.990000	0.790000	0.240000	0.270000	
1000	50000	0.330000	4.870000	1.030000	1.110000	0.800000	0.340000	0.400000	
1000	100000	0.610000	5.060000	1.970000	1.320000	1.250000	0.560000	0.680000	


miscalculated pools
1000	1000	108	99	88	109	110	107	114	
1000	3000	206	211	209	214	212	210	206	
1000	10000	266	277	279	268	287	278	288	
1000	25000	401	397	416	421	390	409	401	
1000	50000	614	608	602	592	583	568	602	
1000	100000	1045	1009	1034	988	1014	1007	956	

discarded pools
1000	1000	751	0	83	20	42	35	39	
1000	3000	1798	23	35	90	32	128	101	
1000	10000	5439	51	41	136	49	155	166	
1000	25000	14071	127	43	213	41	323	240	
1000	50000	27620	271	2736	402	65	485	501	
1000	100000	56321	496	78	661	83	898	893	

false positive pools
1000	1000	0	99	5	90	68	73	76	
1000	3000	0	211	174	136	180	93	113	
1000	10000	0	277	240	196	244	163	183	
1000	25000	0	397	378	328	353	254	315	
1000	50000	0	608	0	494	534	386	484	
1000	100000	0	1009	977	872	953	760	825	

false negative pools
1000	1000	643	0	0	1	0	1	1	
1000	3000	1592	23	0	12	0	11	8	
1000	10000	5173	51	2	64	6	40	61	
1000	25000	13670	127	5	120	4	168	154	
1000	50000	27006	271	2134	304	16	303	383	
1000	100000	55276	496	21	545	22	651	762	

gain of malicious
1000	1000	2.755000	-1.000000	-0.585000	-0.900000	-0.790000	-0.825000	-0.805000	
1000	3000	1.996667	-0.961667	-0.941667	-0.850000	-0.946667	-0.786667	-0.831667	
1000	10000	1.719500	-0.974500	-0.979500	-0.932000	-0.975500	-0.922500	-0.917000	
1000	25000	1.814200	-0.974600	-0.991400	-0.957400	-0.991800	-0.935400	-0.952000	
1000	50000	1.762000	-0.972900	-0.726400	-0.959800	-0.993500	-0.951500	-0.949900	
1000	100000	1.816050	-0.975200	-0.996100	-0.966950	-0.995850	-0.955100	-0.955350	

execution time
1000	1000	0.080000	6.490000	0.090000	0.870000	0.880000	0.120000	0.140000	
1000	3000	0.100000	4.770000	0.120000	0.910000	0.760000	0.130000	0.140000	
1000	10000	0.130000	4.630000	0.450000	0.940000	0.940000	0.170000	0.180000	
1000	25000	0.200000	4.690000	0.550000	1.030000	0.920000	0.240000	0.270000	
1000	50000	0.320000	4.830000	1.000000	1.150000	1.170000	0.340000	0.400000	
1000	100000	0.610000	5.130000	1.990000	1.330000	1.230000	0.550000	0.650000	


miscalculated pools
1000	1000	97	132	89	107	98	116	81	
1000	3000	214	207	213	212	223	215	206	
1000	10000	292	284	263	287	268	274	260	
1000	25000	394	402	384	403	404	413	409	
1000	50000	570	613	600	590	591	579	603	
1000	100000	993	984	1013	990	991	968	961	

discarded pools
1000	1000	781	3	84	23	37	44	28	
1000	3000	1808	14	31	75	152	116	113	
1000	10000	5720	64	48	149	42	170	159	
1000	25000	14060	140	46	245	54	278	310	
1000	50000	26931	254	2729	363	46	482	516	
1000	100000	55178	538	5295	713	91	885	854	

false positive pools
1000	1000	0	132	6	84	65	72	53	
1000	3000	0	207	182	147	117	111	107	
1000	10000	0	284	219	204	228	153	166	
1000	25000	0	402	342	292	356	273	304	
1000	50000	0	613	0	505	555	403	494	
1000	100000	0	984	0	858	940	710	841	

false negative pools
1000	1000	684	3	1	0	4	0	0	
1000	3000	1594	14	0	10	46	12	14	
1000	10000	5428	64	4	66	2	49	65	
1000	25000	13666	140	4	134	6	138	205	
1000	50000	26361	254	2129	278	10	306	407	
1000	100000	54185	538	4282	581	40	627	734	

gain of malicious
1000	1000	2.905000	-0.985000	-0.580000	-0.885000	-0.815000	-0.780000	-0.860000	
1000	3000	2.013333	-0.976667	-0.948333	-0.875000	-0.746667	-0.806667	-0.811667	
1000	10000	1.860000	-0.968000	-0.976000	-0.925500	-0.979000	-0.915000	-0.920500	
1000	25000	1.812000	-0.972000	-0.990800	-0.951000	-0.989200	-0.944400	-0.938000	
1000	50000	1.693100	-0.974600	-0.727100	-0.963700	-0.995400	-0.951800	-0.948400	
1000	100000	1.758900	-0.973100	-0.735250	-0.964350	-0.995450	-0.955750	-0.957300	

execution time
1000	1000	0.070000	6.060000	0.080000	0.870000	0.800000	0.130000	0.140000	
1000	3000	0.080000	4.940000	0.150000	0.920000	0.660000	0.150000	0.150000	
1000	10000	0.120000	4.610000	0.270000	0.950000	0.970000	0.170000	0.190000	
1000	25000	0.210000	4.750000	0.560000	1.000000	0.930000	0.230000	0.280000	
1000	50000	0.350000	4.890000	1.020000	1.140000	0.700000	0.330000	0.390000	
1000	100000	1.070000	5.060000	1.980000	1.310000	1.210000	0.560000	0.660000	


miscalculated pools
1000	1000	90	115	97	102	98	106	104	
1000	3000	209	211	210	212	204	220	220	
1000	10000	280	278	277	275	287	266	274	
1000	25000	384	407	389	401	388	396	405	
1000	50000	603	581	608	578	597	614	601	
1000	100000	992	942	984	1020	1000	992	984	

discarded pools
1000	1000	804	2	95	19	97	30	35	
1000	3000	1798	20	34	88	39	122	108	
1000	10000	5396	57	49	118	47	182	188	
1000	25000	13822	106	48	216	727	255	270	
1000	50000	27313	239	71	374	43	497	531	
1000	100000	55515	558	102	738	2603	815	941	

false positive pools
1000	1000	0	115	5	83	5	76	69	
1000	3000	0	211	177	135	165	104	121	
1000	10000	0	278	233	200	244	135	179	
1000	25000	0	407	349	326	219	275	306	
1000	50000	0	581	555	481	560	431	450	
1000	100000	0	942	921	866	722	738	817	

false negative pools
1000	1000	714	2	3	0	4	0	0	
1000	3000	1589	20	1	11	0	6	9	
1000	10000	5116	57	5	43	4	51	93	
1000	25000	13438	106	8	141	558	134	171	
1000	50000	26710	239	18	277	6	314	380	
1000	100000	54523	558	39	584	2325	561	774	

gain of malicious
1000	1000	3.020000	-0.990000	-0.525000	-0.905000	-0.515000	-0.850000	-0.825000	
1000	3000	1.996667	-0.966667	-0.943333	-0.853333	-0.935000	-0.796667	-0.820000	
1000	10000	1.698000	-0.971500	-0.975500	-0.941000	-0.976500	-0.909000	-0.906000	
1000	25000	1.764400	-0.978800	-0.990400	-0.956800	-0.854600	-0.949000	-0.946000	
1000	50000	1.731300	-0.976100	-0.992900	-0.962600	-0.995700	-0.950300	-0.946900	
1000	100000	1.775750	-0.972100	-0.994900	-0.963100	-0.869850	-0.959250	-0.952950	

execution time
1000	1000	0.080000	6.140000	0.100000	0.850000	0.620000	0.110000	0.150000	
1000	3000	0.090000	4.860000	0.130000	0.920000	0.790000	0.140000	0.150000	
1000	10000	0.130000	4.620000	0.270000	0.950000	0.850000	0.170000	0.180000	
1000	25000	0.360000	4.790000	0.550000	1.010000	1.020000	0.230000	0.260000	
1000	50000	0.610000	4.890000	1.020000	2.020000	0.710000	0.340000	0.400000	
1000	100000	0.600000	5.080000	1.970000	1.320000	1.050000	0.550000	0.660000	


miscalculated pools
1000	1000	95	108	108	99	103	111	92	
1000	3000	212	201	221	210	204	204	220	
1000	10000	279	284	279	276	266	278	270	
1000	25000	411	401	396	397	415	416	377	
1000	50000	557	555	616	577	571	555	589	
1000	100000	993	995	997	957	978	982	961	

discarded pools
1000	1000	773	1	108	8	48	50	29	
1000	3000	1769	14	28	70	143	113	113	
1000	10000	5483	44	41	142	35	192	163	
1000	25000	14179	135	48	257	792	307	278	
1000	50000	28000	262	80	413	1480	531	544	
1000	100000	56111	627	91	662	2526	912	978	

false positive pools
1000	1000	0	108	5	93	57	62	63	
1000	3000	0	201	193	156	94	101	123	
1000	10000	0	284	241	185	232	151	180	
1000	25000	0	401	356	301	245	257	279	
1000	50000	0	555	555	469	357	369	476	
1000	100000	0	995	933	860	681	755	774	

false negative pools
1000	1000	678	1	5	2	2	1	0	
1000	3000	1557	14	0	16	33	10	16	
1000	10000	5204	44	3	51	1	65	73	
1000	25000	13768	135	8	161	622	148	180	
1000	50000	27443	262	19	305	1266	345	431	
1000	100000	55118	627	27	565	2229	685	791	

gain of malicious
1000	1000	2.865000	-0.995000	-0.460000	-0.960000	-0.760000	-0.750000	-0.855000	
1000	3000	1.948333	-0.976667	-0.953333	-0.883333	-0.761667	-0.811667	-0.811667	
1000	10000	1.741500	-0.978000	-0.979500	-0.929000	-0.982500	-0.904000	-0.918500	
1000	25000	1.835800	-0.973000	-0.990400	-0.948600	-0.841600	-0.938600	-0.944400	
1000	50000	1.800000	-0.973800	-0.992000	-0.958700	-0.852000	-0.946900	-0.945600	
1000	100000	1.805550	-0.968650	-0.995450	-0.966900	-0.873700	-0.954400	-0.951100	

execution time
1000	1000	0.080000	6.220000	0.090000	0.870000	0.740000	0.130000	0.140000	
1000	3000	0.100000	4.930000	0.140000	0.920000	0.650000	0.130000	0.140000	
1000	10000	0.130000	4.800000	0.280000	0.940000	0.890000	0.150000	0.190000	
1000	25000	0.200000	4.680000	0.560000	1.010000	0.910000	0.220000	0.280000	
1000	50000	0.330000	4.830000	1.010000	1.120000	0.710000	0.330000	0.400000	
1000	100000	0.600000	4.980000	1.990000	1.330000	0.990000	0.560000	0.660000	


miscalculated pools
1000	1000	91	102	111	101	110	96	103	
1000	3000	219	220	213	214	200	214	211	
1000	10000	276	282	275	271	268	262	278	
1000	25000	399	406	390	426	393	391	388	
1000	50000	584	581	558	586	606	601	568	
1000	100000	1007	978	951	986	957	1010	958	

discarded pools
1000	1000	772	1	107	17	46	26	41	
1000	3000	1758	15	39	95	40	113	120	
1000	10000	5556	58	39	122	49	193	164	
1000	25000	14071	138	49	237	60	266	298	
1000	50000	27794	233	54	376	1354	434	609	
1000	100000	54208	584	5069	720	2513	835	883	

false positive pools
1000	1000	0	102	6	85	68	70	63	
1000	3000	0	220	175	134	160	109	108	
1000	10000	0	282	239	199	224	125	185	
1000	25000	0	406	351	335	349	258	274	
1000	50000	0	581	514	504	397	445	410	
1000	100000	0	978	0	865	714	758	801	

false negative pools
1000	1000	681	1	2	1	4	0	1	
1000	3000	1539	15	1	15	0	8	17	
1000	10000	5280	58	3	50	5	56	71	
1000	25000	13672	138	10	146	16	133	184	
1000	50000	27210	233	10	294	1145	278	451	
1000	100000	53201	584	4118	599	2270	583	726	

gain of malicious
1000	1000	2.860000	-0.995000	-0.465000	-0.915000	-0.770000	-0.870000	-0.795000	
1000	3000	1.930000	-0.975000	-0.935000	-0.841667	-0.933333	-0.811667	-0.800000	
1000	10000	1.778000	-0.971000	-0.980500	-0.939000	-0.975500	-0.903500	-0.918000	
1000	25000	1.814200	-0.972400	-0.990200	-0.952600	-0.988000	-0.946800	-0.940400	
1000	50000	1.779400	-0.976700	-0.994600	-0.962400	-0.864600	-0.956600	-0.939100	
1000	100000	1.710400	-0.970800	-0.746550	-0.964000	-0.874350	-0.958250	-0.955850	

execution time
1000	1000	0.080000	6.080000	0.100000	0.870000	1.080000	0.120000	0.140000	
1000	3000	0.090000	4.770000	0.130000	0.910000	0.880000	0.140000	0.160000	
1000	10000	0.130000	4.670000	0.260000	0.950000	0.900000	0.170000	0.190000	
1000	25000	0.210000	4.710000	0.540000	1.020000	0.960000	0.240000	0.270000	
1000	50000	0.350000	4.920000	1.010000	1.110000	0.900000	0.350000	0.410000	
1000	100000	0.590000	5.050000	1.970000	1.340000	1.480000	0.550000	0.660000	


miscalculated pools
1000	1000	94	95	94	80	99	106	105	
1000	3000	206	211	208	206	213	202	216	
1000	10000	278	282	288	299	276	282	274	
1000	25000	393	406	402	392	376	407	400	
1000	50000	609	574	640	595	605	605	612	
1000	100000	1005	998	995	1033	1017	972	962	

discarded pools
1000	1000	813	0	90	9	44	40	35	
1000	3000	1815	10	31	83	182	123	119	
1000	10000	5817	51	44	138	45	189	139	
1000	25000	14530	120	44	257	36	306	277	
1000	50000	27708	288	62	390	50	458	414	
1000	100000	55676	512	69	714	2312	932	767	

false positive pools
1000	1000	0	95	5	71	58	66	71	
1000	3000	0	211	177	142	95	91	109	
1000	10000	0	282	246	212	231	150	201	
1000	25000	0	406	360	275	346	262	305	
1000	50000	0	574	588	493	567	447	514	
1000	100000	0	998	939	880	790	699	823	

false negative pools
1000	1000	719	0	1	0	3	0	1	
1000	3000	1609	10	0	19	64	12	12	
1000	10000	5539	51	2	51	0	57	66	
1000	25000	14137	120	2	140	6	161	182	
1000	50000	27099	288	10	288	12	300	316	
1000	100000	54671	512	13	561	2085	659	628	

gain of malicious
1000	1000	3.065000	-1.000000	-0.550000	-0.955000	-0.780000	-0.800000	-0.825000	
1000	3000	2.025000	-0.983333	-0.948333	-0.861667	-0.696667	-0.795000	-0.801667	
1000	10000	1.908500	-0.974500	-0.978000	-0.931000	-0.977500	-0.905500	-0.930500	
1000	25000	1.906000	-0.976000	-0.991200	-0.948600	-0.992800	-0.938800	-0.944600	
1000	50000	1.770800	-0.971200	-0.993800	-0.961000	-0.995000	-0.954200	-0.958600	
1000	100000	1.783800	-0.974400	-0.996550	-0.964300	-0.884400	-0.953400	-0.961650	

execution time
1000	1000	0.080000	6.310000	0.090000	0.860000	0.930000	0.130000	0.140000	
1000	3000	0.090000	4.770000	0.150000	0.900000	0.630000	0.130000	0.150000	
1000	10000	0.120000	4.660000	0.270000	0.940000	0.690000	0.180000	0.200000	
1000	25000	0.200000	4.790000	0.550000	0.990000	0.930000	0.230000	0.270000	
1000	50000	0.330000	4.920000	1.020000	1.120000	1.040000	0.340000	0.390000	
1000	100000	0.600000	5.110000	1.970000	1.320000	1.060000	0.540000	0.670000	


miscalculated pools
1000	1000	106	90	99	84	102	94	112	
1000	3000	209	214	202	206	212	199	219	
1000	10000	279	281	277	283	262	287	277	
1000	25000	408	378	386	397	398	425	411	
1000	50000	544	574	596	555	573	575	617	
1000	100000	991	973	978	1015	1008	1005	998	

discarded pools
1000	1000	746	0	97	8	36	30	37	
1000	3000	1787	14	31	83	169	123	114	
1000	10000	5775	56	683	137	34	192	178	
1000	25000	14234	133	39	233	750	270	269	
1000	50000	27930	265	74	389	49	482	434	
1000	100000	55811	488	75	772	77	951	1008	

false positive pools
1000	1000	0	90	6	76	69	64	75	
1000	3000	0	214	171	138	87	90	119	
1000	10000	0	281	0	204	231	164	175	
1000	25000	0	378	349	306	241	280	315	
1000	50000	0	574	538	458	535	414	508	
1000	100000	0	973	923	860	952	732	845	

false negative pools
1000	1000	640	0	4	0	3	0	0	
1000	3000	1578	14	0	15	44	14	14	
1000	10000	5496	56	406	58	3	69	76	
1000	25000	13826	133	2	142	593	125	173	
1000	50000	27386	265	16	292	11	321	325	
1000	100000	54820	488	20	617	21	678	855	

gain of malicious
1000	1000	2.730000	-1.000000	-0.515000	-0.960000	-0.820000	-0.850000	-0.815000	
1000	3000	1.978333	-0.976667	-0.948333	-0.861667	-0.718333	-0.795000	-0.810000	
1000	10000	1.887500	-0.972000	-0.658500	-0.931500	-0.983000	-0.904000	-0.911000	
1000	25000	1.846800	-0.973400	-0.992200	-0.953400	-0.850000	-0.946000	-0.946200	
1000	50000	1.793000	-0.973500	-0.992600	-0.961100	-0.995100	-0.951800	-0.956600	
1000	100000	1.790550	-0.975600	-0.996250	-0.961400	-0.996150	-0.952450	-0.949600	

execution time
1000	1000	0.070000	6.220000	0.080000	0.860000	0.800000	0.110000	0.140000	
1000	3000	0.080000	4.850000	0.130000	0.940000	0.740000	0.150000	0.140000	
1000	10000	0.130000	4.690000	0.270000	0.950000	0.780000	0.150000	0.180000	
1000	25000	0.200000	4.850000	0.550000	0.990000	0.890000	0.240000	0.270000	
1000	50000	0.330000	4.900000	1.010000	2.100000	0.850000	0.330000	0.390000	
1000	100000	0.600000	5.140000	1.980000	1.320000	1.250000	0.550000	0.660000	


miscalculated pools
1000	1000	101	107	99	101	106	91	105	
1000	3000	205	205	201	197	205	222	210	
1000	10000	280	276	279	276	283	268	281	
1000	25000	397	382	387	395	378	419	372	
1000	50000	586	599	610	600	560	582	586	
1000	100000	1025	1024	968	964	927	1013	976	

discarded pools
1000	1000	760	1	98	19	34	22	44	
1000	3000	1764	15	31	87	153	121	84	
1000	10000	5792	50	40	157	40	182	162	
1000	25000	14177	127	51	231	49	302	311	
1000	50000	27927	245	2794	405	1537	487	488	
1000	100000	57017	512	66	739	67	876	932	

false positive pools
1000	1000	0	107	5	82	74	70	62	
1000	3000	0	205	170	124	90	108	133	
1000	10000	0	276	241	166	244	147	192	
1000	25000	0	382	344	300	335	261	262	
1000	50000	0	599	0	496	345	408	448	
1000	100000	0	1024	913	830	877	764	850	

false negative pools
1000	1000	659	1	4	0	2	1	1	
1000	3000	1559	15	0	14	38	7	7	
1000	10000	5512	50	2	47	1	61	73	
1000	25000	13780	127	8	136	6	144	201	
1000	50000	27341	245	2184	301	1322	313	350	
1000	100000	55992	512	11	605	17	627	806	

gain of malicious
1000	1000	2.800000	-0.995000	-0.510000	-0.905000	-0.830000	-0.890000	-0.780000	
1000	3000	1.940000	-0.975000	-0.948333	-0.855000	-0.745000	-0.798333	-0.860000	
1000	10000	1.896000	-0.975000	-0.980000	-0.921500	-0.980000	-0.909000	-0.919000	
1000	25000	1.835400	-0.974600	-0.989800	-0.953800	-0.990200	-0.939600	-0.937800	
1000	50000	1.792700	-0.975500	-0.720600	-0.959500	-0.846300	-0.951300	-0.951200	
1000	100000	1.850850	-0.974400	-0.996700	-0.963050	-0.996650	-0.956200	-0.953400	

execution time
1000	1000	0.080000	6.320000	0.100000	0.880000	1.010000	0.110000	0.140000	
1000	3000	0.080000	4.920000	0.140000	0.910000	0.800000	0.210000	0.150000	
1000	10000	0.110000	4.640000	0.270000	0.940000	0.890000	0.180000	0.190000	
1000	25000	0.210000	4.740000	0.550000	1.010000	0.710000	0.230000	0.250000	
1000	50000	0.360000	4.870000	1.010000	1.110000	1.110000	0.330000	0.390000	
1000	100000	0.600000	5.070000	1.980000	1.360000	1.200000	0.540000	0.650000	


miscalculated pools
1000	1000	98	101	107	98	110	121	97	
1000	3000	210	211	210	205	212	210	220	
1000	10000	271	292	284	269	283	278	282	
1000	25000	376	382	398	394	398	411	401	
1000	50000	621	571	559	600	623	596	604	
1000	100000	986	1026	949	1036	1018	1007	1022	

discarded pools
1000	1000	771	2	102	15	47	48	29	
1000	3000	1775	6	36	86	32	123	100	
1000	10000	5683	51	42	115	45	177	151	
1000	25000	13918	144	41	248	55	304	295	
1000	50000	28019	311	46	336	1414	513	520	
1000	100000	56709	448	82	778	2642	880	971	

false positive pools
1000	1000	0	101	7	85	65	73	68	
1000	3000	0	211	174	139	180	101	133	
1000	10000	0	292	243	202	240	166	207	
1000	25000	0	382	364	295	350	257	297	
1000	50000	0	571	515	519	417	410	456	
1000	100000	0	1026	895	904	732	751	842	

false negative pools
1000	1000	673	2	2	2	2	0	0	
1000	3000	1565	6	0	20	0	14	13	
1000	10000	5412	51	1	48	2	65	76	
1000	25000	13542	144	7	149	7	150	191	
1000	50000	27398	311	2	255	1208	327	372	
1000	100000	55723	448	28	646	2356	624	791	

gain of malicious
1000	1000	2.855000	-0.990000	-0.490000	-0.925000	-0.765000	-0.760000	-0.855000	
1000	3000	1.958333	-0.990000	-0.940000	-0.856667	-0.946667	-0.795000	-0.833333	
1000	10000	1.841500	-0.974500	-0.979000	-0.942500	-0.977500	-0.911500	-0.924500	
1000	25000	1.783600	-0.971200	-0.991800	-0.950400	-0.989000	-0.939200	-0.941000	
1000	50000	1.801900	-0.968900	-0.995400	-0.966400	-0.858600	-0.948700	-0.948000	
1000	100000	1.835450	-0.977600	-0.995900	-0.961100	-0.867900	-0.956000	-0.951450	

execution time
1000	1000	0.080000	6.140000	0.100000	0.860000	1.050000	0.110000	0.120000	
1000	3000	0.070000	5.020000	0.140000	0.920000	0.950000	0.140000	0.150000	
1000	10000	0.130000	4.610000	0.260000	0.950000	0.630000	0.170000	0.190000	
1000	25000	0.210000	4.740000	0.550000	1.010000	0.750000	0.230000	0.270000	
1000	50000	0.330000	4.830000	1.020000	1.100000	0.770000	0.340000	0.400000	
1000	100000	0.600000	5.060000	1.980000	1.320000	0.950000	0.550000	0.650000	


miscalculated pools
1000	1000	102	112	107	101	108	96	104	
1000	3000	208	207	211	211	209	217	203	
1000	10000	264	269	276	279	292	271	276	
1000	25000	409	393	393	416	391	384	399	
1000	50000	582	594	603	614	608	587	595	
1000	100000	958	1006	987	994	1004	999	1027	

discarded pools
1000	1000	761	1	102	35	104	26	43	
1000	3000	1780	11	27	80	27	128	89	
1000	10000	5674	64	44	143	41	186	165	
1000	25000	13945	128	53	232	688	310	303	
1000	50000	28218	286	72	408	68	531	477	
1000	100000	55376	495	71	689	2541	942	1057	

false positive pools
1000	1000	0	112	6	67	8	70	62	
1000	3000	0	207	184	146	183	103	122	
1000	10000	0	269	235	194	254	143	193	
1000	25000	0	393	348	323	241	248	290	
1000	50000	0	594	544	505	553	384	499	
1000	100000	0	1006	941	883	728	713	876	

false negative pools
1000	1000	659	1	1	1	4	0	1	
1000	3000	1572	11	0	15	1	14	8	
1000	10000	5410	64	3	58	3	58	82	
1000	25000	13536	128	8	139	538	174	194	
1000	50000	27636	286	13	299	13	328	381	
1000	100000	54418	495	25	578	2265	656	906	

gain of malicious
1000	1000	2.805000	-0.995000	-0.490000	-0.825000	-0.480000	-0.870000	-0.785000	
1000	3000	1.966667	-0.981667	-0.955000	-0.866667	-0.955000	-0.786667	-0.851667	
1000	10000	1.837000	-0.968000	-0.978000	-0.928500	-0.979500	-0.907000	-0.917500	
1000	25000	1.789000	-0.974400	-0.989400	-0.953600	-0.862400	-0.938000	-0.939400	
1000	50000	1.821800	-0.971400	-0.992800	-0.959200	-0.993200	-0.946900	-0.952300	
1000	100000	1.768800	-0.975250	-0.996450	-0.965550	-0.872950	-0.952900	-0.947150	

execution time
1000	1000	0.070000	6.200000	0.080000	0.870000	0.640000	0.110000	0.140000	
1000	3000	0.080000	4.970000	0.130000	0.900000	0.930000	0.130000	0.150000	
1000	10000	0.130000	4.800000	0.270000	0.950000	0.780000	0.170000	0.190000	
1000	25000	0.200000	4.720000	0.550000	1.000000	0.780000	0.240000	0.260000	
1000	50000	0.350000	4.830000	1.020000	1.130000	0.940000	0.340000	0.400000	
1000	100000	0.590000	9.320000	1.980000	1.320000	1.150000	0.560000	0.670000	


miscalculated pools
1000	1000	97	105	103	119	104	93	110	
1000	3000	206	211	208	203	211	214	218	
1000	10000	291	266	294	282	288	268	278	
1000	25000	379	410	395	395	400	393	404	
1000	50000	570	587	620	602	607	560	582	
1000	100000	998	1017	940	1007	1017	977	989	

discarded pools
1000	1000	748	0	98	24	102	34	32	
1000	3000	1756	11	28	83	169	112	95	
1000	10000	5595	64	42	154	388	168	152	
1000	25000	14064	154	43	257	795	311	275	
1000	50000	28097	296	65	400	53	419	485	
1000	100000	55611	549	65	729	66	820	1217	

false positive pools
1000	1000	0	105	7	98	4	59	78	
1000	3000	0	211	181	133	93	108	138	
1000	10000	0	266	252	201	149	153	195	
1000	25000	0	410	355	295	241	241	314	
1000	50000	0	587	569	493	561	413	464	
1000	100000	0	1017	888	858	971	764	818	

false negative pools
1000	1000	651	0	2	3	2	0	0	
1000	3000	1550	11	1	13	51	6	15	
1000	10000	5304	64	0	73	249	53	69	
1000	25000	13685	154	3	157	636	159	185	
1000	50000	27527	296	14	291	7	272	367	
1000	100000	54613	549	13	580	20	607	1046	

gain of malicious
1000	1000	2.740000	-1.000000	-0.510000	-0.880000	-0.490000	-0.830000	-0.840000	
1000	3000	1.926667	-0.981667	-0.953333	-0.861667	-0.718333	-0.813333	-0.841667	
1000	10000	1.797500	-0.968000	-0.979000	-0.923000	-0.806000	-0.916000	-0.924000	
1000	25000	1.812800	-0.969200	-0.991400	-0.948600	-0.841000	-0.937800	-0.945000	
1000	50000	1.809700	-0.970400	-0.993500	-0.960000	-0.994700	-0.958100	-0.951500	
1000	100000	1.780550	-0.972550	-0.996750	-0.963550	-0.996700	-0.959000	-0.939150	

execution time
1000	1000	0.070000	6.320000	0.090000	0.880000	0.750000	0.110000	0.140000	
1000	3000	0.140000	4.800000	0.120000	0.910000	1.000000	0.120000	0.150000	
1000	10000	0.110000	4.690000	0.250000	0.940000	0.940000	0.160000	0.170000	
1000	25000	0.210000	4.700000	0.560000	1.010000	1.200000	0.240000	0.280000	
1000	50000	0.350000	4.860000	1.010000	1.110000	0.710000	0.340000	0.390000	
1000	100000	0.610000	5.080000	1.970000	1.380000	1.050000	0.550000	0.660000	


miscalculated pools
1000	1000	93	88	107	104	110	113	94	
1000	3000	205	205	207	210	214	212	207	
1000	10000	274	277	275	279	298	270	277	
1000	25000	405	382	396	410	389	394	376	
1000	50000	594	589	619	569	609	566	622	
1000	100000	986	980	977	1044	968	991	1001	

discarded pools
1000	1000	774	0	109	18	33	48	27	
1000	3000	1792	15	31	92	35	112	103	
1000	10000	5491	52	40	137	43	195	150	
1000	25000	14062	137	46	216	31	287	327	
1000	50000	28097	257	61	383	52	495	498	
1000	100000	55326	582	71	751	65	886	1096	

false positive pools
1000	1000	0	88	2	86	77	65	67	
1000	3000	0	205	176	132	180	111	116	
1000	10000	0	277	236	191	257	129	187	
1000	25000	0	382	358	332	360	251	281	
1000	50000	0	589	570	470	570	356	497	
1000	100000	0	980	927	880	928	752	847	

false negative pools
1000	1000	681	0	4	0	0	0	0	
1000	3000	1587	15	0	14	1	11	12	
1000	10000	5217	52	1	49	2	54	60	
1000	25000	13657	137	8	138	2	144	232	
1000	50000	27503	257	12	284	13	285	373	
1000	100000	54340	582	21	587	25	647	942	

gain of malicious
1000	1000	2.870000	-1.000000	-0.455000	-0.910000	-0.835000	-0.760000	-0.865000	
1000	3000	1.986667	-0.975000	-0.948333	-0.846667	-0.941667	-0.813333	-0.828333	
1000	10000	1.745500	-0.974000	-0.980000	-0.931500	-0.978500	-0.902500	-0.925000	
1000	25000	1.812400	-0.972600	-0.990800	-0.956800	-0.993800	-0.942600	-0.934600	
1000	50000	1.809700	-0.974300	-0.993900	-0.961700	-0.994800	-0.950500	-0.950200	
1000	100000	1.766300	-0.970900	-0.996450	-0.962450	-0.996750	-0.955700	-0.945200	

execution time
1000	1000	0.060000	6.320000	0.110000	0.870000	1.180000	0.120000	0.130000	
1000	3000	0.100000	4.860000	0.120000	0.910000	0.830000	0.140000	0.150000	
1000	10000	0.120000	4.690000	0.270000	0.950000	1.020000	0.160000	0.180000	
1000	25000	0.210000	4.710000	0.530000	1.010000	0.700000	0.230000	0.260000	
1000	50000	0.330000	4.890000	1.020000	1.110000	1.070000	0.340000	0.400000	
1000	100000	0.600000	5.010000	1.970000	1.340000	1.080000	0.550000	0.660000	


miscalculated pools
1000	1000	116	114	92	94	101	98	114	
1000	3000	212	208	212	209	201	215	214	
1000	10000	279	272	285	272	273	270	263	
1000	25000	406	386	405	412	386	403	371	
1000	50000	608	607	602	557	581	587	614	
1000	100000	982	1005	992	964	1030	1017	990	

discarded pools
1000	1000	751	1	89	21	30	31	32	
1000	3000	1786	17	36	79	172	123	100	
1000	10000	5545	51	48	157	42	175	139	
1000	25000	13983	131	59	252	698	290	257	
1000	50000	28001	255	2688	413	1419	526	455	
1000	100000	56501	538	88	794	62	906	1064	

false positive pools
1000	1000	0	114	5	74	72	67	82	
1000	3000	0	208	176	137	88	104	123	
1000	10000	0	272	238	182	232	147	185	
1000	25000	0	386	355	309	222	262	290	
1000	50000	0	607	0	443	341	359	496	
1000	100000	0	1005	928	814	982	750	847	

false negative pools
1000	1000	635	1	2	1	1	0	0	
1000	3000	1574	17	0	7	59	12	9	
1000	10000	5266	51	1	67	1	52	61	
1000	25000	13577	131	9	149	534	149	176	
1000	50000	27393	255	2086	299	1179	298	337	
1000	100000	55519	538	24	644	14	639	921	

gain of malicious
1000	1000	2.755000	-0.995000	-0.555000	-0.895000	-0.850000	-0.845000	-0.840000	
1000	3000	1.976667	-0.971667	-0.940000	-0.868333	-0.713333	-0.795000	-0.833333	
1000	10000	1.772500	-0.974500	-0.976000	-0.921500	-0.979000	-0.912500	-0.930500	
1000	25000	1.796600	-0.973800	-0.988200	-0.949600	-0.860400	-0.942000	-0.948600	
1000	50000	1.800100	-0.974500	-0.731200	-0.958700	-0.858100	-0.947400	-0.954500	
1000	100000	1.825050	-0.973100	-0.995600	-0.960300	-0.996900	-0.954700	-0.946800	

execution time
1000	1000	0.080000	6.180000	0.110000	0.850000	0.750000	0.130000	0.130000	
1000	3000	0.090000	4.760000	0.140000	0.920000	0.970000	0.130000	0.140000	
1000	10000	0.140000	4.710000	0.270000	0.950000	0.700000	0.160000	0.190000	
1000	25000	0.200000	4.740000	0.540000	1.010000	0.930000	0.230000	0.270000	
1000	50000	0.340000	4.830000	1.010000	2.030000	1.120000	0.340000	0.400000	
1000	100000	0.600000	5.020000	1.990000	1.340000	1.090000	0.550000	0.670000	


miscalculated pools
1000	1000	116	107	123	117	106	113	116	
1000	3000	213	213	221	216	209	207	200	
1000	10000	272	271	281	276	276	281	271	
1000	25000	384	398	424	428	404	360	399	
1000	50000	615	608	623	609	608	614	570	
1000	100000	985	993	991	1036	1001	945	967	

discarded pools
1000	1000	714	2	115	41	41	46	41	
1000	3000	1782	13	33	74	172	118	101	
1000	10000	5742	56	37	131	347	206	160	
1000	25000	14043	147	47	248	720	305	302	
1000	50000	27730	266	59	400	43	514	493	
1000	100000	55635	628	62	721	96	816	870	

false positive pools
1000	1000	0	107	12	76	68	69	76	
1000	3000	0	213	188	149	94	97	108	
1000	10000	0	271	245	192	143	138	181	
1000	25000	0	398	377	334	249	221	294	
1000	50000	0	608	577	505	574	406	461	
1000	100000	0	993	948	891	943	720	838	

false negative pools
1000	1000	598	2	4	0	3	2	1	
1000	3000	1569	13	0	7	57	8	9	
1000	10000	5470	56	1	47	214	63	70	
1000	25000	13659	147	0	154	565	166	197	
1000	50000	27115	266	13	296	9	306	384	
1000	100000	54650	628	19	576	38	591	741	

gain of malicious
1000	1000	2.570000	-0.990000	-0.425000	-0.795000	-0.795000	-0.770000	-0.795000	
1000	3000	1.970000	-0.978333	-0.945000	-0.876667	-0.713333	-0.803333	-0.831667	
1000	10000	1.871000	-0.972000	-0.981500	-0.934500	-0.826500	-0.897000	-0.920000	
1000	25000	1.808600	-0.970600	-0.990600	-0.950400	-0.856000	-0.939000	-0.939600	
1000	50000	1.773000	-0.973400	-0.994100	-0.960000	-0.995700	-0.948600	-0.950700	
1000	100000	1.781750	-0.968600	-0.996900	-0.963950	-0.995200	-0.959200	-0.956500	

execution time
1000	1000	0.080000	6.190000	0.080000	0.870000	0.950000	0.120000	0.150000	
1000	3000	0.090000	4.770000	0.150000	0.940000	1.080000	0.120000	0.140000	
1000	10000	0.130000	4.630000	0.250000	0.940000	0.770000	0.160000	0.180000	
1000	25000	0.210000	4.660000	0.550000	1.000000	0.860000	0.240000	0.250000	
1000	50000	0.330000	4.870000	1.000000	1.120000	0.920000	0.330000	0.400000	
1000	100000	0.590000	4.990000	1.970000	1.330000	1.220000	0.550000	0.680000	


miscalculated pools
1000	1000	109	104	101	107	112	96	106	
1000	3000	201	199	213	206	215	212	214	
1000	10000	275	296	269	273	273	283	289	
1000	25000	408	415	427	400	398	397	415	
1000	50000	570	612	587	576	626	598	608	
1000	100000	999	935	1044	981	983	1002	1011	

discarded pools
1000	1000	742	0	101	25	34	26	16	
1000	3000	1853	10	30	74	30	116	103	
1000	10000	5585	60	35	114	40	168	157	
1000	25000	14201	109	54	243	45	294	317	
1000	50000	28222	246	52	376	70	474	500	
1000	100000	55828	567	62	685	2494	804	971	

false positive pools
1000	1000	0	104	4	83	78	71	90	
1000	3000	0	199	183	140	185	103	122	
1000	10000	0	296	236	192	235	164	199	
1000	25000	0	415	388	292	357	258	294	
1000	50000	0	612	543	471	569	418	501	
1000	100000	0	935	996	851	718	762	870	

false negative pools
1000	1000	633	0	4	1	0	1	0	
1000	3000	1652	10	0	8	0	7	11	
1000	10000	5310	60	2	33	2	49	67	
1000	25000	13793	109	15	135	4	155	196	
1000	50000	27652	246	8	271	13	294	393	
1000	100000	54829	567	14	555	2229	564	830	

gain of malicious
1000	1000	2.710000	-1.000000	-0.495000	-0.875000	-0.830000	-0.870000	-0.920000	
1000	3000	2.088333	-0.983333	-0.950000	-0.876667	-0.950000	-0.806667	-0.828333	
1000	10000	1.792500	-0.970000	-0.982500	-0.943000	-0.980000	-0.916000	-0.921500	
1000	25000	1.840200	-0.978200	-0.989200	-0.951400	-0.991000	-0.941200	-0.936600	
1000	50000	1.822200	-0.975400	-0.994800	-0.962400	-0.993000	-0.952600	-0.950000	
1000	100000	1.791400	-0.971650	-0.996900	-0.965750	-0.875300	-0.959800	-0.951450	

execution time
1000	1000	0.070000	6.240000	0.100000	0.880000	0.750000	0.110000	0.130000	
1000	3000	0.090000	5.150000	0.130000	0.920000	0.820000	0.140000	0.160000	
1000	10000	0.110000	4.650000	0.270000	0.950000	0.750000	0.170000	0.190000	
1000	25000	0.190000	4.880000	0.550000	1.000000	0.670000	0.220000	0.270000	
1000	50000	0.350000	4.950000	1.010000	1.100000	0.860000	0.340000	0.390000	
1000	100000	0.590000	4.990000	1.990000	1.330000	1.070000	0.550000	0.650000	


miscalculated pools
1000	1000	113	106	104	97	99	97	101	
1000	3000	206	207	215	215	210	206	204	
1000	10000	279	274	288	273	278	294	273	
1000	25000	393	381	414	402	394	384	402	
1000	50000	595	578	605	623	573	626	605	
1000	100000	997	989	974	946	941	1006	990	

discarded pools
1000	1000	708	1	101	22	43	42	33	
1000	3000	1796	16	26	84	26	128	103	
1000	10000	5584	55	43	127	50	196	164	
1000	25000	13972	131	47	261	47	332	315	
1000	50000	28147	279	2767	414	53	453	416	
1000	100000	55437	480	64	683	90	921	993	

false positive pools
1000	1000	0	106	6	75	60	58	68	
1000	3000	0	207	190	147	186	92	114	
1000	10000	0	274	248	191	234	163	180	
1000	25000	0	381	370	304	355	244	295	
1000	50000	0	578	0	513	534	445	505	
1000	100000	0	989	930	842	890	720	839	

false negative pools
1000	1000	595	1	3	0	4	3	0	
1000	3000	1590	16	1	16	2	14	13	
1000	10000	5305	55	3	45	6	65	71	
1000	25000	13579	131	3	163	8	192	208	
1000	50000	27552	279	2162	304	14	272	316	
1000	100000	54440	480	20	579	39	635	842	

gain of malicious
1000	1000	2.540000	-0.995000	-0.495000	-0.890000	-0.785000	-0.790000	-0.835000	
1000	3000	1.993333	-0.973333	-0.956667	-0.860000	-0.956667	-0.786667	-0.828333	
1000	10000	1.792000	-0.972500	-0.978500	-0.936500	-0.975000	-0.902000	-0.918000	
1000	25000	1.794400	-0.973800	-0.990600	-0.947800	-0.990600	-0.933600	-0.937000	
1000	50000	1.814700	-0.972100	-0.723300	-0.958600	-0.994700	-0.954700	-0.958400	
1000	100000	1.771850	-0.976000	-0.996800	-0.965850	-0.995500	-0.953950	-0.950350	

execution time
1000	1000	0.070000	6.140000	0.090000	0.870000	0.980000	0.120000	0.140000	
1000	3000	0.080000	4.800000	0.140000	0.900000	0.790000	0.140000	0.160000	
1000	10000	0.130000	8.470000	0.270000	0.950000	0.800000	0.170000	0.180000	
1000	25000	0.200000	4.740000	0.560000	1.000000	0.800000	0.230000	0.270000	
1000	50000	0.330000	4.830000	1.030000	1.110000	0.830000	0.330000	0.410000	
1000	100000	0.620000	5.120000	1.970000	1.330000	1.290000	0.550000	0.670000	


miscalculated pools
1000	1000	96	114	109	113	99	109	106	
1000	3000	207	206	214	212	213	203	204	
1000	10000	285	292	270	279	270	268	303	
1000	25000	395	403	378	377	409	389	418	
1000	50000	589	606	621	606	584	606	609	
1000	100000	968	1020	937	978	947	981	988	

discarded pools
1000	1000	804	0	102	28	30	37	33	
1000	3000	1784	9	29	91	31	117	99	
1000	10000	5481	70	35	129	333	176	156	
1000	25000	14085	127	1389	253	51	283	312	
1000	50000	27774	258	2785	421	1438	508	579	
1000	100000	57068	576	65	716	76	918	939	

false positive pools
1000	1000	0	114	9	88	71	74	73	
1000	3000	0	206	185	139	182	104	115	
1000	10000	0	292	239	197	144	157	198	
1000	25000	0	403	0	290	362	243	325	
1000	50000	0	606	0	495	391	426	476	
1000	100000	0	1020	892	823	889	712	824	

false negative pools
1000	1000	708	0	2	3	2	2	0	
1000	3000	1577	9	0	18	0	18	10	
1000	10000	5196	70	4	47	207	65	51	
1000	25000	13690	127	1011	166	4	137	219	
1000	50000	27185	258	2164	310	1245	328	446	
1000	100000	56100	576	20	561	18	649	775	

gain of malicious
1000	1000	3.020000	-1.000000	-0.490000	-0.860000	-0.850000	-0.815000	-0.835000	
1000	3000	1.973333	-0.985000	-0.951667	-0.848333	-0.948333	-0.805000	-0.835000	
1000	10000	1.740500	-0.965000	-0.982500	-0.935500	-0.833500	-0.912000	-0.922000	
1000	25000	1.817000	-0.974600	-0.722200	-0.949400	-0.989800	-0.943400	-0.937600	
1000	50000	1.777400	-0.974200	-0.721500	-0.957900	-0.856200	-0.949200	-0.942100	
1000	100000	1.853400	-0.971200	-0.996750	-0.964200	-0.996200	-0.954100	-0.953050	

execution time
1000	1000	0.070000	6.170000	0.080000	0.870000	0.790000	0.110000	0.130000	
1000	3000	0.090000	4.860000	0.130000	0.910000	0.820000	0.120000	0.150000	
1000	10000	0.120000	4.640000	0.260000	0.960000	0.880000	0.170000	0.180000	
1000	25000	0.190000	4.740000	0.560000	1.000000	0.930000	0.220000	0.270000	
1000	50000	0.340000	4.910000	1.010000	1.100000	0.710000	0.340000	0.390000	
1000	100000	0.600000	5.050000	1.980000	1.330000	1.350000	0.560000	0.660000	


miscalculated pools
1000	1000	112	101	114	97	95	82	105	
1000	3000	208	209	212	205	212	218	218	
1000	10000	276	277	290	269	277	285	286	
1000	25000	392	362	415	404	417	374	406	
1000	50000	638	605	611	627	612	594	591	
1000	100000	973	975	1016	1015	1032	949	1021	

discarded pools
1000	1000	744	1	105	24	34	23	38	
1000	3000	1836	15	28	94	195	121	111	
1000	10000	5494	45	51	133	357	188	153	
1000	25000	14007	129	57	231	40	291	285	
1000	50000	27141	310	60	419	51	487	520	
1000	100000	57021	536	79	737	2759	848	975	

false positive pools
1000	1000	0	101	12	73	63	59	67	
1000	3000	0	209	184	123	92	104	121	
1000	10000	0	277	242	196	151	163	204	
1000	25000	0	362	366	328	384	240	327	
1000	50000	0	605	565	509	579	413	482	
1000	100000	0	975	961	869	723	669	889	

false negative pools
1000	1000	632	1	3	0	2	0	0	
1000	3000	1628	15	0	12	75	7	14	
1000	10000	5218	45	3	60	231	66	71	
1000	25000	13615	129	8	155	7	157	206	
1000	50000	26503	310	14	301	18	306	411	
1000	100000	56048	536	24	591	2450	568	843	

gain of malicious
1000	1000	2.720000	-0.995000	-0.475000	-0.880000	-0.830000	-0.885000	-0.810000	
1000	3000	2.060000	-0.975000	-0.953333	-0.843333	-0.675000	-0.798333	-0.815000	
1000	10000	1.747000	-0.977500	-0.974500	-0.933500	-0.821500	-0.906000	-0.923500	
1000	25000	1.801400	-0.974200	-0.988600	-0.953800	-0.992000	-0.941800	-0.943000	
1000	50000	1.714100	-0.969000	-0.994000	-0.958100	-0.994900	-0.951300	-0.948000	
1000	100000	1.851050	-0.973200	-0.996050	-0.963150	-0.862050	-0.957600	-0.951250	

execution time
1000	1000	0.070000	6.270000	0.090000	0.870000	0.810000	0.110000	0.140000	
1000	3000	0.090000	4.770000	0.130000	0.910000	0.920000	0.120000	0.140000	
1000	10000	0.110000	4.750000	0.270000	0.950000	1.090000	0.170000	0.180000	
1000	25000	0.210000	4.990000	0.530000	1.000000	0.670000	0.250000	0.270000	
1000	50000	0.330000	4.760000	1.010000	1.110000	0.980000	0.330000	0.400000	
1000	100000	0.610000	5.110000	1.970000	1.320000	1.200000	0.560000	0.670000	


miscalculated pools
1000	1000	94	107	84	92	110	85	106	
1000	3000	207	211	213	213	197	214	205	
1000	10000	274	286	276	289	291	287	288	
1000	25000	420	394	379	410	393	405	408	
1000	50000	588	581	606	591	604	611	609	
1000	100000	986	1003	1000	987	999	999	957	

discarded pools
1000	1000	769	1	85	12	36	21	45	
1000	3000	1752	14	25	84	23	127	90	
1000	10000	5717	58	32	147	370	176	165	
1000	25000	13951	156	47	201	770	303	295	
1000	50000	27828	272	51	342	1273	478	543	
1000	100000	56408	496	66	808	84	896	995	

false positive pools
1000	1000	0	107	4	80	78	65	61	
1000	3000	0	211	188	138	174	106	122	
1000	10000	0	286	246	206	157	175	198	
1000	25000	0	394	338	342	231	248	305	
1000	50000	0	581	564	499	413	419	488	
1000	100000	0	1003	953	860	937	719	806	

false negative pools
1000	1000	675	1	5	0	4	1	0	
1000	3000	1545	14	0	9	0	19	7	
1000	10000	5443	58	2	64	236	64	75	
1000	25000	13531	156	6	133	608	146	192	
1000	50000	27240	272	9	250	1082	286	422	
1000	100000	55422	496	19	681	22	616	844	

gain of malicious
1000	1000	2.845000	-0.995000	-0.575000	-0.940000	-0.820000	-0.895000	-0.775000	
1000	3000	1.920000	-0.976667	-0.958333	-0.860000	-0.961667	-0.788333	-0.850000	
1000	10000	1.858500	-0.971000	-0.984000	-0.926500	-0.815000	-0.912000	-0.917500	
1000	25000	1.790200	-0.968800	-0.990600	-0.959800	-0.846000	-0.939400	-0.941000	
1000	50000	1.782800	-0.972800	-0.994900	-0.965800	-0.872700	-0.952200	-0.945700	
1000	100000	1.820400	-0.975200	-0.996700	-0.959600	-0.995800	-0.955200	-0.950250	

execution time
1000	1000	0.080000	6.120000	0.080000	0.860000	0.900000	0.110000	0.140000	
1000	3000	0.100000	4.960000	0.120000	0.910000	0.690000	0.140000	0.140000	
1000	10000	0.140000	4.640000	0.270000	0.930000	0.760000	0.170000	0.190000	
1000	25000	0.200000	4.710000	0.550000	1.000000	0.820000	0.230000	0.250000	
1000	50000	0.330000	4.860000	1.010000	1.130000	1.240000	0.350000	0.400000	
1000	100000	0.610000	5.060000	1.960000	1.320000	1.330000	0.540000	0.650000	


miscalculated pools
1000	1000	92	101	102	115	110	98	109	
1000	3000	209	197	214	204	215	207	206	
1000	10000	276	266	270	271	277	288	276	
1000	25000	409	372	402	412	387	420	393	
1000	50000	549	601	587	572	602	587	580	
1000	100000	1036	1005	984	1021	1012	992	936	

discarded pools
1000	1000	767	0	98	27	48	34	38	
1000	3000	1769	6	32	80	169	119	94	
1000	10000	5482	62	40	144	362	198	153	
1000	25000	13928	137	41	232	64	309	305	
1000	50000	27784	331	51	492	42	471	578	
1000	100000	56164	554	73	796	79	886	1027	

false positive pools
1000	1000	0	101	5	89	64	64	71	
1000	3000	0	197	182	135	98	100	119	
1000	10000	0	266	232	193	137	160	185	
1000	25000	0	372	368	327	340	262	296	
1000	50000	0	601	546	432	566	414	455	
1000	100000	0	1005	927	915	957	734	753	

false negative pools
1000	1000	675	0	1	1	2	0	0	
1000	3000	1560	6	0	11	52	12	7	
1000	10000	5206	62	2	66	222	70	62	
1000	25000	13519	137	7	147	17	151	208	
1000	50000	27235	331	10	352	6	298	453	
1000	100000	55128	554	16	690	24	628	844	

gain of malicious
1000	1000	2.835000	-1.000000	-0.510000	-0.865000	-0.760000	-0.830000	-0.810000	
1000	3000	1.948333	-0.990000	-0.946667	-0.866667	-0.718333	-0.801667	-0.843333	
1000	10000	1.741000	-0.969000	-0.980000	-0.928000	-0.819000	-0.901000	-0.923500	
1000	25000	1.785600	-0.972600	-0.991800	-0.953600	-0.987200	-0.938200	-0.939000	
1000	50000	1.778400	-0.966900	-0.994900	-0.950800	-0.995800	-0.952900	-0.942200	
1000	100000	1.808200	-0.972300	-0.996350	-0.960200	-0.996050	-0.955700	-0.948650	

execution time
1000	1000	0.070000	6.180000	0.090000	0.850000	0.920000	0.110000	0.130000	
1000	3000	0.100000	5.150000	0.150000	0.910000	0.670000	0.130000	0.160000	
1000	10000	0.130000	4.630000	0.270000	0.940000	0.800000	0.170000	0.190000	
1000	25000	0.210000	4.690000	0.530000	1.000000	0.830000	0.230000	0.270000	
1000	50000	0.330000	4.810000	1.000000	1.100000	0.980000	0.340000	0.390000	
1000	100000	0.590000	5.080000	1.970000	1.340000	1.010000	0.550000	0.660000	


miscalculated pools
1000	1000	107	109	101	101	107	106	112	
1000	3000	208	214	226	212	202	214	217	
1000	10000	262	287	274	260	281	275	281	
1000	25000	395	420	399	389	405	377	399	
1000	50000	576	600	591	594	603	612	576	
1000	100000	1028	1012	1003	975	982	1013	1027	

discarded pools
1000	1000	778	1	91	11	47	47	32	
1000	3000	1853	16	31	105	38	113	95	
1000	10000	5741	61	43	152	41	175	167	
1000	25000	14228	117	49	198	41	280	298	
1000	50000	27884	248	48	432	59	500	539	
1000	100000	55932	569	71	812	81	820	980	

false positive pools
1000	1000	0	109	11	91	61	59	80	
1000	3000	0	214	195	127	164	108	138	
1000	10000	0	287	233	173	242	149	189	
1000	25000	0	420	357	310	367	223	307	
1000	50000	0	600	553	479	559	432	479	
1000	100000	0	1012	956	803	916	732	864	

false negative pools
1000	1000	671	1	1	1	1	0	0	
1000	3000	1645	16	0	20	0	7	16	
1000	10000	5479	61	2	65	2	49	75	
1000	25000	13833	117	7	119	3	126	206	
1000	50000	27308	248	10	317	15	320	442	
1000	100000	54904	569	24	640	15	539	817	

gain of malicious
1000	1000	2.890000	-0.995000	-0.545000	-0.945000	-0.765000	-0.765000	-0.840000	
1000	3000	2.088333	-0.973333	-0.948333	-0.825000	-0.936667	-0.811667	-0.841667	
1000	10000	1.870500	-0.969500	-0.978500	-0.924000	-0.979500	-0.912500	-0.916500	
1000	25000	1.845600	-0.976600	-0.990200	-0.960400	-0.991800	-0.944000	-0.940400	
1000	50000	1.788400	-0.975200	-0.995200	-0.956800	-0.994100	-0.950000	-0.946100	
1000	100000	1.796600	-0.971550	-0.996450	-0.959400	-0.995950	-0.959000	-0.951000	

execution time
1000	1000	0.080000	6.150000	0.100000	0.870000	0.940000	0.130000	0.130000	
1000	3000	0.100000	4.860000	0.140000	0.900000	0.930000	0.130000	0.140000	
1000	10000	0.120000	4.680000	0.260000	0.970000	0.800000	0.170000	0.190000	
1000	25000	0.200000	4.760000	0.540000	1.000000	0.760000	0.230000	0.270000	
1000	50000	0.330000	8.920000	1.010000	1.140000	0.800000	0.340000	0.400000	
1000	100000	0.610000	5.030000	1.970000	1.310000	1.220000	0.550000	0.650000	


miscalculated pools
1000	1000	115	85	100	112	106	106	112	
1000	3000	204	206	215	222	204	200	220	
1000	10000	280	273	275	275	255	285	285	
1000	25000	402	387	422	395	375	379	402	
1000	50000	597	638	601	602	587	588	611	
1000	100000	945	1001	1032	1022	1003	1018	960	

discarded pools
1000	1000	759	0	93	20	103	42	45	
1000	3000	1853	12	31	97	162	128	85	
1000	10000	5699	61	643	128	47	196	174	
1000	25000	13924	152	51	220	719	295	312	
1000	50000	28213	277	59	457	60	483	476	
1000	100000	54818	498	87	716	2426	927	916	

false positive pools
1000	1000	0	85	9	93	7	64	67	
1000	3000	0	206	184	142	97	85	146	
1000	10000	0	273	0	200	214	156	192	
1000	25000	0	387	379	328	234	226	296	
1000	50000	0	638	560	493	543	399	508	
1000	100000	0	1001	974	864	741	714	792	

false negative pools
1000	1000	644	0	2	1	4	0	0	
1000	3000	1649	12	0	17	55	13	11	
1000	10000	5419	61	368	53	6	67	81	
1000	25000	13522	152	8	153	578	142	206	
1000	50000	27616	277	18	348	16	294	373	
1000	100000	53873	498	29	558	2164	623	748	

gain of malicious
1000	1000	2.795000	-1.000000	-0.535000	-0.900000	-0.485000	-0.790000	-0.775000	
1000	3000	2.088333	-0.980000	-0.948333	-0.838333	-0.730000	-0.786667	-0.858333	
1000	10000	1.849500	-0.969500	-0.678500	-0.936000	-0.976500	-0.902000	-0.913000	
1000	25000	1.784800	-0.969600	-0.989800	-0.956000	-0.856200	-0.941000	-0.937600	
1000	50000	1.821300	-0.972300	-0.994100	-0.954300	-0.994000	-0.951700	-0.952400	
1000	100000	1.740900	-0.975100	-0.995650	-0.964200	-0.878700	-0.953650	-0.954200	

execution time
1000	1000	0.060000	6.630000	0.080000	0.880000	0.670000	0.130000	0.150000	
1000	3000	0.090000	5.390000	0.120000	0.920000	0.750000	0.140000	0.140000	
1000	10000	0.110000	4.740000	0.280000	1.700000	0.780000	0.170000	0.190000	
1000	25000	0.210000	4.690000	0.560000	1.030000	0.840000	0.230000	0.260000	
1000	50000	0.350000	4.780000	1.010000	1.100000	0.980000	0.330000	0.400000	
1000	100000	0.600000	5.120000	1.980000	1.320000	1.390000	0.550000	0.670000	


miscalculated pools
1000	1000	97	95	107	104	105	101	106	
1000	3000	219	207	206	206	215	208	210	
1000	10000	279	273	276	281	297	281	260	
1000	25000	413	374	391	400	397	376	398	
1000	50000	554	615	594	596	602	593	602	
1000	100000	951	941	995	1019	987	975	960	

discarded pools
1000	1000	792	1	111	20	40	33	39	
1000	3000	1793	11	26	85	31	125	96	
1000	10000	5579	56	34	131	50	183	150	
1000	25000	13911	127	48	235	57	345	327	
1000	50000	27781	277	57	422	1401	472	430	
1000	100000	54791	494	70	775	2534	964	990	

false positive pools
1000	1000	0	95	5	84	66	70	67	
1000	3000	0	207	180	130	184	94	125	
1000	10000	0	273	245	196	250	156	173	
1000	25000	0	374	349	309	349	223	294	
1000	50000	0	615	551	494	403	403	496	
1000	100000	0	941	942	854	734	711	800	

false negative pools
1000	1000	695	1	9	0	1	2	0	
1000	3000	1574	11	0	9	0	11	11	
1000	10000	5300	56	3	46	3	58	63	
1000	25000	13498	127	6	144	9	192	223	
1000	50000	27227	277	14	320	1202	282	324	
1000	100000	53840	494	17	610	2281	700	830	

gain of malicious
1000	1000	2.960000	-0.995000	-0.445000	-0.900000	-0.800000	-0.835000	-0.805000	
1000	3000	1.988333	-0.981667	-0.956667	-0.858333	-0.948333	-0.791667	-0.840000	
1000	10000	1.789500	-0.972000	-0.983000	-0.934500	-0.975000	-0.908500	-0.925000	
1000	25000	1.782200	-0.974600	-0.990400	-0.953000	-0.988600	-0.931000	-0.934600	
1000	50000	1.778100	-0.972300	-0.994300	-0.957800	-0.859900	-0.952800	-0.957000	
1000	100000	1.739550	-0.975300	-0.996500	-0.961250	-0.873300	-0.951800	-0.950500	

execution time
1000	1000	0.070000	6.430000	0.090000	0.860000	1.080000	0.120000	0.140000	
1000	3000	0.090000	4.780000	0.150000	0.930000	1.070000	0.140000	0.140000	
1000	10000	0.120000	4.670000	0.270000	0.960000	0.890000	0.170000	0.180000	
1000	25000	0.210000	4.780000	0.540000	1.020000	1.000000	0.230000	0.260000	
1000	50000	0.350000	4.870000	1.010000	1.100000	0.720000	0.360000	0.400000	
1000	100000	0.590000	5.090000	1.990000	1.330000	1.070000	0.550000	0.660000	


miscalculated pools
1000	1000	91	92	105	123	117	111	95	
1000	3000	213	203	217	217	217	206	209	
1000	10000	291	276	273	274	287	276	285	
1000	25000	420	399	402	395	394	410	387	
1000	50000	603	602	577	601	575	631	612	
1000	100000	986	993	1043	994	1003	976	973	

discarded pools
1000	1000	761	1	105	35	43	34	26	
1000	3000	1819	13	33	90	156	117	109	
1000	10000	5599	62	45	142	35	202	150	
1000	25000	14143	131	48	232	44	332	330	
1000	50000	27813	254	57	394	47	512	480	
1000	100000	55879	578	71	680	2651	961	1020	

false positive pools
1000	1000	0	92	4	88	76	79	69	
1000	3000	0	203	185	141	99	96	114	
1000	10000	0	276	230	189	252	140	190	
1000	25000	0	399	359	299	354	248	285	
1000	50000	0	602	532	500	539	429	503	
1000	100000	0	993	989	885	725	724	827	

false negative pools
1000	1000	670	1	4	0	2	2	0	
1000	3000	1606	13	1	14	38	7	14	
1000	10000	5308	62	2	57	0	66	55	
1000	25000	13723	131	5	136	4	170	228	
1000	50000	27210	254	12	293	11	310	371	
1000	100000	54893	578	17	571	2373	709	874	

gain of malicious
1000	1000	2.805000	-0.995000	-0.475000	-0.825000	-0.785000	-0.830000	-0.870000	
1000	3000	2.031667	-0.978333	-0.945000	-0.850000	-0.740000	-0.805000	-0.818333	
1000	10000	1.799500	-0.969000	-0.977500	-0.929000	-0.982500	-0.899000	-0.925000	
1000	25000	1.828600	-0.973800	-0.990400	-0.953600	-0.991200	-0.933600	-0.934000	
1000	50000	1.781300	-0.974600	-0.994300	-0.960600	-0.995300	-0.948800	-0.952000	
1000	100000	1.793950	-0.971100	-0.996450	-0.966000	-0.867450	-0.951950	-0.949000	

execution time
1000	1000	0.080000	6.320000	0.100000	0.880000	0.890000	0.130000	0.140000	
1000	3000	0.090000	5.000000	0.130000	0.920000	0.760000	0.140000	0.150000	
1000	10000	0.130000	4.730000	0.270000	0.950000	0.950000	0.170000	0.180000	
1000	25000	0.210000	4.750000	0.550000	1.000000	0.740000	0.230000	0.260000	
1000	50000	0.340000	4.910000	1.010000	1.110000	0.820000	0.330000	0.400000	
1000	100000	1.070000	5.080000	1.970000	1.320000	1.070000	0.560000	0.680000	


miscalculated pools
1000	1000	94	110	103	101	118	117	92	
1000	3000	213	211	208	213	212	213	205	
1000	10000	281	271	282	279	276	281	265	
1000	25000	413	391	409	398	407	399	385	
1000	50000	586	580	619	599	571	595	627	
1000	100000	1046	967	1005	1002	967	1012	957	

discarded pools
1000	1000	790	1	99	12	38	48	22	
1000	3000	1777	15	31	83	165	117	99	
1000	10000	5528	55	42	133	41	158	153	
1000	25000	13924	158	55	212	38	308	284	
1000	50000	27909	251	83	389	49	527	549	
1000	100000	55778	526	70	683	2786	856	869	

false positive pools
1000	1000	0	110	11	91	83	71	70	
1000	3000	0	211	178	147	95	107	116	
1000	10000	0	271	241	196	238	176	179	
1000	25000	0	391	361	324	370	252	289	
1000	50000	0	580	556	493	526	390	527	
1000	100000	0	967	951	863	689	742	802	

false negative pools
1000	1000	696	1	7	2	3	2	0	
1000	3000	1564	15	1	17	48	11	10	
1000	10000	5247	55	1	50	3	53	67	
1000	25000	13511	158	7	138	1	161	188	
1000	50000	27323	251	20	283	4	322	449	
1000	100000	54732	526	16	544	2508	586	714	

gain of malicious
1000	1000	2.950000	-0.995000	-0.505000	-0.940000	-0.810000	-0.760000	-0.890000	
1000	3000	1.961667	-0.975000	-0.948333	-0.861667	-0.725000	-0.805000	-0.835000	
1000	10000	1.764000	-0.972500	-0.979000	-0.933500	-0.979500	-0.921000	-0.923500	
1000	25000	1.784800	-0.968400	-0.989000	-0.957600	-0.992400	-0.938400	-0.943200	
1000	50000	1.790900	-0.974900	-0.991700	-0.961100	-0.995100	-0.947300	-0.945100	
1000	100000	1.788900	-0.973700	-0.996500	-0.965850	-0.860700	-0.957200	-0.956550	

execution time
1000	1000	0.070000	6.240000	0.080000	0.860000	0.760000	0.120000	0.140000	
1000	3000	0.090000	4.890000	0.130000	0.900000	1.110000	0.140000	0.150000	
1000	10000	0.110000	4.690000	0.270000	0.930000	1.040000	0.170000	0.190000	
1000	25000	0.210000	4.620000	0.530000	1.020000	0.800000	0.220000	0.270000	
1000	50000	0.330000	4.860000	1.010000	1.110000	0.960000	0.350000	0.390000	
1000	100000	0.600000	5.050000	1.980000	1.320000	1.140000	0.570000	0.650000	


