miscalculated pools
1000	1000	29	28	24	26	30	32	31
1000	3000	82	93	77	84	99	86	67
1000	10000	280	288	330	258	269	322	254
1000	25000	689	677	704	697	702	740	660
1000	50000	1409	1416	1476	1409	1437	1415	1435
1000	100000	2858	2694	2764	2796	2773	2785	2944

discarded pools
1000	1000	789	27	12	4	17	8	19
1000	3000	1748	114	59	74	99	82	63
1000	10000	2196	461	332	312	258	360	298
1000	25000	1421	1027	825	797	775	837	767
1000	50000	253	1271	1661	1624	1604	1607	1651
1000	100000	9	12688	3166	3214	3201	3159	3324

false positive pools
1000	1000	10	20	16	23	18	25	15
1000	3000	58	65	32	26	28	24	16
1000	10000	280	181	34	3	43	3	2
1000	25000	689	579	0	0	26	0	0
1000	50000	1409	1324	0	0	0	0	0
1000	100000	2858	2641	0	0	0	0	0

false negative pools
1000	1000	770	19	4	1	5	1	3
1000	3000	1724	86	14	16	28	20	12
1000	10000	2196	354	36	57	32	41	46
1000	25000	1421	929	121	100	99	97	107
1000	50000	253	1179	185	215	167	192	216
1000	100000	9	12635	402	418	428	374	380

gain of malicious
1000	1000	2.945	-0.865	-0.94	-0.98	-0.915	-0.96	-0.905
1000	3000	1.913333	-0.81	-0.901667	-0.876667	-0.835	-0.863333	-0.895
1000	10000	0.098	-0.7695	-0.834	-0.844	-0.871	-0.82	-0.851
1000	25000	-0.7158	-0.7946	-0.835	-0.8406	-0.845	-0.8326	-0.8466
1000	50000	-0.9747	-0.8729	-0.8339	-0.8376	-0.8396	-0.8393	-0.8349
1000	100000	-0.99955	-0.3656	-0.8417	-0.8393	-0.83995	-0.84205	-0.8338

execution time
1000	1000	0.91	11.41	0.16	4.54	4.44	0.33	0.38
1000	3000	0.27	7.87	0.31	1.82	1.59	0.34	0.39
1000	10000	0.37	3.44	0.87	2.19	2.67	0.71	0.56
1000	25000	0.64	0.83	2.07	2.37	2.51	0.65	0.84
1000	50000	1.23	1.07	3.67	2.36	2.35	0.91	1.3
1000	100000	2.04	3.68	7.55	2.98	2.18	1.91	2.47


miscalculated pools
1000	1000	24	24	29	36	24	28	33
1000	3000	79	69	90	69	79	82	75
1000	10000	281	292	270	298	235	289	260
1000	25000	754	682	705	709	676	717	686
1000	50000	1340	1389	1439	1380	1402	1405	1312
1000	100000	2832	2843	2786	2731	2716	2706	2737

discarded pools
1000	1000	830	19	7	10	7	15	14
1000	3000	1785	106	72	55	43	68	59
1000	10000	2337	479	301	335	229	325	300
1000	25000	1085	1614	813	806	747	811	786
1000	50000	342	1655	1635	1584	1584	1628	1532
1000	100000	2	6496	3185	3152	3113	3085	3104

false positive pools
1000	1000	8	18	23	27	19	14	21
1000	3000	58	41	32	27	43	22	25
1000	10000	281	235	18	5	46	2	3
1000	25000	754	646	0	0	26	0	0
1000	50000	1340	933	0	0	0	0	0
1000	100000	2832	2810	0	0	0	0	0

false negative pools
1000	1000	814	13	1	1	2	1	2
1000	3000	1764	78	14	13	7	8	9
1000	10000	2337	422	49	42	40	38	43
1000	25000	1085	1578	108	97	97	94	100
1000	50000	342	1199	196	204	182	223	220
1000	100000	2	6463	399	421	397	379	367

gain of malicious
1000	1000	3.15	-0.905	-0.965	-0.95	-0.965	-0.925	-0.93
1000	3000	1.975	-0.823333	-0.88	-0.908333	-0.928333	-0.886667	-0.901667
1000	10000	0.1685	-0.7605	-0.8495	-0.8325	-0.8855	-0.8375	-0.85
1000	25000	-0.783	-0.6772	-0.8374	-0.8388	-0.8506	-0.8378	-0.8428
1000	50000	-0.9658	-0.8345	-0.8365	-0.8416	-0.8416	-0.8372	-0.8468
1000	100000	-0.9999	-0.6752	-0.84075	-0.8424	-0.84435	-0.84575	-0.8448

execution time
1000	1000	0.22	11.66	0.2	1.74	2.29	0.35	2.62
1000	3000	0.25	8.78	0.35	1.82	2.3	0.34	0.4
1000	10000	0.35	3.44	0.98	2.32	2.92	0.49	0.54
1000	25000	0.66	1.26	1.93	2.27	5.12	0.64	0.88
1000	50000	1.11	1.14	3.86	2.4	2.26	0.95	1.37
1000	100000	1.9	1.55	7.76	2.55	2.86	1.4	2.3


miscalculated pools
1000	1000	27	34	37	17	28	26	27
1000	3000	89	80	66	77	85	85	80
1000	10000	262	257	265	287	257	261	305
1000	25000	698	714	718	690	699	684	699
1000	50000	1411	1372	1432	1431	1426	1380	1407
1000	100000	2762	2752	2733	2763	2832	2820	2765

discarded pools
1000	1000	836	27	3	3	11	5	13
1000	3000	1689	92	52	69	71	80	62
1000	10000	2381	335	292	333	243	302	354
1000	25000	1370	1662	822	766	747	774	793
1000	50000	270	3486	1656	1641	1593	1578	1616
1000	100000	7	5239	3120	3151	3206	3200	3155

false positive pools
1000	1000	7	18	34	15	18	23	17
1000	3000	75	54	34	22	33	15	23
1000	10000	261	200	28	4	38	5	0
1000	25000	698	679	2	0	48	0	0
1000	50000	1411	1349	0	0	0	0	0
1000	100000	2762	2723	0	0	0	0	0

false negative pools
1000	1000	816	11	0	1	1	2	3
1000	3000	1675	66	20	14	19	10	5
1000	10000	2380	278	55	50	24	46	49
1000	25000	1370	1627	106	76	96	90	94
1000	50000	270	3463	224	210	167	198	209
1000	100000	7	5210	387	388	374	380	390

gain of malicious
1000	1000	3.18	-0.865	-0.985	-0.985	-0.945	-0.975	-0.935
1000	3000	1.815	-0.846667	-0.913333	-0.885	-0.881667	-0.866667	-0.896667
1000	10000	0.1905	-0.8325	-0.854	-0.8335	-0.8785	-0.849	-0.823
1000	25000	-0.726	-0.6676	-0.8356	-0.8468	-0.8506	-0.8452	-0.8414
1000	50000	-0.973	-0.6514	-0.8344	-0.8359	-0.8407	-0.8422	-0.8384
1000	100000	-0.99965	-0.73805	-0.844	-0.84245	-0.8397	-0.84	-0.84225

execution time
1000	1000	0.19	15.58	0.18	1.76	2.01	0.31	0.35
1000	3000	0.25	8.87	0.22	1.93	2.6	0.37	0.48
1000	10000	0.39	3.57	1	2.24	3.26	0.43	0.67
1000	25000	3.51	0.91	1.57	2.43	2.81	0.64	4.2
1000	50000	1.03	0.92	4	2.5	2.29	1.39	4.13
1000	100000	2.01	1.62	7.6	2.73	2.53	1.51	2.35


miscalculated pools
1000	1000	24	27	27	32	21	26	32
1000	3000	78	82	85	85	91	78	82
1000	10000	257	301	299	278	260	276	255
1000	25000	704	681	686	669	711	681	704
1000	50000	1441	1398	1425	1387	1366	1407	1436
1000	100000	2881	2778	2782	2834	2839	2764	2838

discarded pools
1000	1000	783	31	18	9	6	7	12
1000	3000	1716	104	59	64	80	63	69
1000	10000	2550	574	347	320	231	320	303
1000	25000	1243	2402	783	762	791	782	797
1000	50000	282	954	1599	1569	1550	1584	1621
1000	100000	4	11209	3204	3210	3237	3181	3251

false positive pools
1000	1000	9	16	13	23	17	20	21
1000	3000	65	54	38	31	30	25	21
1000	10000	254	176	13	4	57	1	4
1000	25000	704	243	0	0	14	0	0
1000	50000	1441	1228	0	0	0	0	0
1000	100000	2881	701	0	0	0	0	0

false negative pools
1000	1000	768	20	4	0	2	1	1
1000	3000	1703	76	12	10	19	10	8
1000	10000	2547	449	61	46	28	45	52
1000	25000	1243	1964	97	93	94	101	93
1000	50000	282	784	174	182	184	177	185
1000	100000	4	9132	422	376	398	417	413

gain of malicious
1000	1000	2.915	-0.845	-0.91	-0.955	-0.97	-0.965	-0.94
1000	3000	1.86	-0.826667	-0.901667	-0.893333	-0.866667	-0.895	-0.885
1000	10000	0.275	-0.713	-0.8265	-0.84	-0.8845	-0.84	-0.8485
1000	25000	-0.7514	-0.5196	-0.8434	-0.8476	-0.8418	-0.8436	-0.8406
1000	50000	-0.9718	-0.9046	-0.8401	-0.8431	-0.845	-0.8416	-0.8379
1000	100000	-0.9998	-0.43955	-0.8398	-0.8395	-0.83815	-0.84095	-0.83745

execution time
1000	1000	0.23	11.24	0.23	1.82	2.78	0.34	0.37
1000	3000	0.27	9.11	0.24	1.89	2.39	0.38	0.41
1000	10000	0.37	3.27	0.81	2.14	2.65	0.43	0.55
1000	25000	0.82	0.88	1.68	2.39	2.32	0.71	0.89
1000	50000	1.17	0.99	3.69	2.33	2.49	2.17	1.42
1000	100000	1.99	1.7	7.56	3.04	2.91	1.55	2.35


miscalculated pools
1000	1000	24	24	25	24	29	32	26
1000	3000	87	82	81	76	102	67	85
1000	10000	252	294	276	289	274	303	294
1000	25000	704	741	700	734	687	711	668
1000	50000	1378	1382	1389	1456	1385	1420	1374
1000	100000	2706	2835	2790	2807	2825	2813	2799

discarded pools
1000	1000	810	22	7	4	12	14	12
1000	3000	1663	110	65	60	90	56	85
1000	10000	2453	464	269	322	262	350	328
1000	25000	1300	1368	799	840	764	804	775
1000	50000	351	770	1596	1635	1597	1620	1588
1000	100000	12	589	3193	3195	3248	3222	3195

false positive pools
1000	1000	12	18	20	22	17	20	16
1000	3000	73	43	33	30	37	23	22
1000	10000	249	189	31	5	34	6	2
1000	25000	704	344	0	0	22	0	0
1000	50000	1378	1216	0	0	0	0	0
1000	100000	2706	2654	0	0	0	0	0

false negative pools
1000	1000	798	16	2	2	0	2	2
1000	3000	1649	71	17	14	25	12	22
1000	10000	2450	359	24	38	22	53	36
1000	25000	1300	971	99	106	99	93	107
1000	50000	351	604	207	179	212	200	214
1000	100000	12	408	403	388	423	409	396

gain of malicious
1000	1000	3.05	-0.89	-0.965	-0.98	-0.94	-0.93	-0.94
1000	3000	1.771667	-0.816667	-0.891667	-0.9	-0.85	-0.906667	-0.858333
1000	10000	0.2265	-0.768	-0.8655	-0.839	-0.869	-0.825	-0.836
1000	25000	-0.74	-0.7264	-0.8402	-0.832	-0.8472	-0.8392	-0.845
1000	50000	-0.9649	-0.923	-0.8404	-0.8365	-0.8403	-0.838	-0.8412
1000	100000	-0.9994	-0.97055	-0.84035	-0.84025	-0.8376	-0.8389	-0.84025

execution time
1000	1000	0.21	10.98	0.22	1.73	2.49	0.41	0.37
1000	3000	0.24	8.02	0.3	1.89	2.77	0.36	0.42
1000	10000	0.42	3.65	0.86	2.23	2.44	0.44	0.52
1000	25000	0.91	0.94	1.86	2.18	2.4	0.63	0.9
1000	50000	1.12	0.93	3.66	2.4	2.21	1.61	1.34
1000	100000	5.66	1.49	7.38	2.56	3.12	1.56	2.51


miscalculated pools
1000	1000	35	31	25	23	15	18	25
1000	3000	92	81	89	79	82	69	70
1000	10000	297	282	297	304	298	287	294
1000	25000	719	713	705	688	694	663	653
1000	50000	1346	1398	1382	1431	1378	1416	1351
1000	100000	2768	2783	2782	2781	2773	2794	2764

discarded pools
1000	1000	805	18	9	4	6	8	12
1000	3000	1738	106	77	72	75	62	56
1000	10000	2074	444	363	343	281	325	328
1000	25000	1182	2207	803	781	759	770	735
1000	50000	358	1376	1598	1631	1589	1633	1550
1000	100000	15	11543	3193	3181	3150	3202	3169

false positive pools
1000	1000	14	20	21	19	9	13	17
1000	3000	73	42	32	22	29	20	24
1000	10000	297	243	13	7	45	2	7
1000	25000	719	679	10	0	33	0	0
1000	50000	1346	998	0	0	0	0	0
1000	100000	2768	810	0	0	0	0	0

false negative pools
1000	1000	784	7	5	0	0	3	4
1000	3000	1719	67	20	15	22	13	10
1000	10000	2074	405	79	46	28	40	41
1000	25000	1182	2173	108	93	98	107	82
1000	50000	358	976	216	200	211	217	199
1000	100000	15	9570	411	400	377	408	405

gain of malicious
1000	1000	3.025	-0.91	-0.955	-0.98	-0.97	-0.96	-0.94
1000	3000	1.896667	-0.823333	-0.871667	-0.88	-0.875	-0.896667	-0.906667
1000	10000	0.037	-0.778	-0.8185	-0.8285	-0.8595	-0.8375	-0.836
1000	25000	-0.7636	-0.5586	-0.8394	-0.8438	-0.8482	-0.846	-0.853
1000	50000	-0.9642	-0.8624	-0.8402	-0.8369	-0.8411	-0.8367	-0.845
1000	100000	-0.99925	-0.42285	-0.84035	-0.84095	-0.8425	-0.8399	-0.84155

execution time
1000	1000	0.36	11.18	0.2	1.66	2.35	0.3	0.42
1000	3000	0.26	8.29	0.34	1.84	2.99	0.36	0.4
1000	10000	0.36	3.46	0.64	2.2	3.72	0.5	0.59
1000	25000	0.67	0.91	1.65	2.37	4.57	0.65	0.83
1000	50000	1.14	1	3.47	2.3	2.63	0.89	1.3
1000	100000	1.95	1.64	7.48	2.72	2.62	1.58	2.61


miscalculated pools
1000	1000	24	36	24	33	24	26	30
1000	3000	86	67	90	108	92	87	83
1000	10000	263	267	279	276	264	286	252
1000	25000	748	665	703	731	674	699	662
1000	50000	1403	1458	1411	1402	1383	1400	1432
1000	100000	2772	2863	2788	2731	2750	2691	2768

discarded pools
1000	1000	844	33	11	2	11	3	15
1000	3000	1744	72	86	83	94	88	69
1000	10000	2308	418	325	312	254	332	288
1000	25000	1032	1179	796	826	769	783	769
1000	50000	212	1919	1593	1604	1561	1587	1641
1000	100000	5	5604	3182	3109	3130	3098	3193

false positive pools
1000	1000	8	19	17	31	17	24	15
1000	3000	60	42	28	41	23	21	26
1000	10000	263	148	11	1	53	2	5
1000	25000	748	386	3	0	12	0	0
1000	50000	1403	853	0	0	15	0	0
1000	100000	2772	2840	0	0	0	0	0

false negative pools
1000	1000	828	16	4	0	4	1	0
1000	3000	1718	47	24	16	25	22	12
1000	10000	2308	299	57	37	43	48	41
1000	25000	1032	900	96	95	107	84	107
1000	50000	212	1314	182	202	193	187	209
1000	100000	5	5581	394	378	380	407	425

gain of malicious
1000	1000	3.22	-0.835	-0.945	-0.99	-0.945	-0.985	-0.925
1000	3000	1.906667	-0.88	-0.856667	-0.861667	-0.843333	-0.853333	-0.885
1000	10000	0.154	-0.791	-0.8375	-0.844	-0.873	-0.834	-0.856
1000	25000	-0.7936	-0.7642	-0.8408	-0.8348	-0.8462	-0.8434	-0.8462
1000	50000	-0.9788	-0.8081	-0.8407	-0.8396	-0.8439	-0.8413	-0.8359
1000	100000	-0.99975	-0.7198	-0.8409	-0.84455	-0.8435	-0.8451	-0.84035

execution time
1000	1000	0.36	11.41	0.16	1.69	2.35	0.32	0.4
1000	3000	0.77	8.75	0.32	1.96	3.5	0.36	0.41
1000	10000	0.43	3.83	0.99	2.99	2.7	0.47	0.61
1000	25000	0.96	0.97	2.2	2.52	2.94	0.63	0.84
1000	50000	1.09	0.99	3.43	2.43	2.38	0.91	1.32
1000	100000	1.87	1.78	7.97	2.62	2.64	1.57	2.6


miscalculated pools
1000	1000	32	26	29	27	39	34	36
1000	3000	71	91	94	76	82	72	84
1000	10000	292	273	298	239	283	260	291
1000	25000	706	692	735	697	673	656	690
1000	50000	1424	1342	1397	1448	1382	1442	1362
1000	100000	2721	2813	2882	2757	2736	2718	2846

discarded pools
1000	1000	797	28	6	7	13	11	10
1000	3000	1895	105	67	58	50	67	67
1000	10000	2136	388	349	283	263	309	328
1000	25000	1266	1990	835	782	747	752	775
1000	50000	339	3711	1608	1662	1585	1629	1567
1000	100000	5	4173	3275	3160	3122	3106	3231

false positive pools
1000	1000	16	15	25	23	28	25	30
1000	3000	47	62	44	31	40	21	34
1000	10000	289	226	19	3	50	3	0
1000	25000	706	263	2	0	31	0	0
1000	50000	1424	555	0	0	10	0	0
1000	100000	2721	2778	0	0	0	0	0

false negative pools
1000	1000	781	17	2	3	2	2	4
1000	3000	1871	76	17	13	8	16	17
1000	10000	2133	341	70	47	30	52	37
1000	25000	1266	1561	102	85	105	96	85
1000	50000	339	2924	211	214	213	187	205
1000	100000	5	4138	393	403	386	388	385

gain of malicious
1000	1000	2.985	-0.86	-0.97	-0.965	-0.935	-0.945	-0.95
1000	3000	2.158333	-0.825	-0.888333	-0.903333	-0.916667	-0.888333	-0.888333
1000	10000	0.068	-0.806	-0.8255	-0.8585	-0.8685	-0.8455	-0.836
1000	25000	-0.7468	-0.602	-0.833	-0.8436	-0.8506	-0.8496	-0.845
1000	50000	-0.9661	-0.6289	-0.8392	-0.8338	-0.8415	-0.8371	-0.8433
1000	100000	-0.99975	-0.79135	-0.83625	-0.842	-0.8439	-0.8447	-0.83845

execution time
1000	1000	0.32	12.37	0.19	1.81	2.4	0.46	0.51
1000	3000	0.27	8.04	0.42	5.76	2.57	0.36	0.42
1000	10000	0.38	3.61	0.7	2.25	2.41	0.57	0.59
1000	25000	0.7	1.23	2.06	2.25	2.98	0.67	0.94
1000	50000	1.54	0.94	3.91	2.49	2.36	0.98	1.38
1000	100000	2.69	1.8	8.86	2.56	2.49	1.53	2.39


miscalculated pools
1000	1000	20	33	34	28	39	22	23
1000	3000	105	74	87	76	81	76	88
1000	10000	299	272	266	301	266	291	297
1000	25000	716	671	707	689	688	722	713
1000	50000	1385	1390	1405	1434	1397	1427	1378
1000	100000	2715	2811	2713	2787	2731	2771	2779

discarded pools
1000	1000	829	32	18	5	16	5	16
1000	3000	1641	87	61	62	54	67	80
1000	10000	2117	443	283	341	263	333	349
1000	25000	1094	1987	802	779	752	838	848
1000	50000	306	1765	1608	1644	1581	1634	1573
1000	100000	0	4021	3087	3182	3140	3151	3202

false positive pools
1000	1000	8	15	17	24	26	17	16
1000	3000	82	41	37	23	38	18	25
1000	10000	296	168	18	4	42	2	4
1000	25000	716	247	6	0	21	0	0
1000	50000	1385	924	0	0	9	0	0
1000	100000	2715	2794	0	0	0	0	0

false negative pools
1000	1000	817	14	1	1	3	0	9
1000	3000	1618	54	11	9	11	9	17
1000	10000	2114	339	35	44	39	44	56
1000	25000	1094	1563	101	90	85	116	135
1000	50000	306	1299	203	210	193	207	195
1000	100000	0	4004	374	395	409	380	423

gain of malicious
1000	1000	3.145	-0.84	-0.91	-0.975	-0.92	-0.975	-0.92
1000	3000	1.735	-0.855	-0.898333	-0.896667	-0.91	-0.888333	-0.866667
1000	10000	0.0585	-0.7785	-0.8585	-0.8295	-0.8685	-0.8335	-0.8255
1000	25000	-0.7812	-0.6026	-0.8396	-0.8442	-0.8496	-0.8324	-0.8304
1000	50000	-0.9694	-0.8235	-0.8392	-0.8356	-0.8419	-0.8366	-0.8427
1000	100000	-1	-0.79895	-0.84565	-0.8409	-0.843	-0.84245	-0.8399

execution time
1000	1000	0.25	14.81	0.35	1.63	2.48	0.29	0.34
1000	3000	0.27	9.21	0.28	1.83	2.7	0.53	0.39
1000	10000	0.41	3.51	0.78	2.27	2.96	0.43	0.56
1000	25000	0.65	0.84	1.89	2.54	2.61	0.66	0.82
1000	50000	1.18	0.94	4.11	2.3	2.34	0.87	1.33
1000	100000	2.03	1.7	8.45	2.56	2.57	1.56	2.47


miscalculated pools
1000	1000	36	32	34	36	30	28	22
1000	3000	83	80	67	74	73	75	88
1000	10000	299	292	276	294	266	274	276
1000	25000	699	683	704	709	661	686	676
1000	50000	1390	1310	1369	1370	1395	1374	1471
1000	100000	2828	2747	2753	2625	2925	2742	2819

discarded pools
1000	1000	824	19	6	8	92	8	6
1000	3000	1683	81	48	52	48	74	67
1000	10000	2143	447	278	321	244	317	315
1000	25000	1437	840	797	816	732	786	770
1000	50000	319	2259	1559	1587	1569	1585	1663
1000	100000	7	5398	3136	3009	3318	3144	3218

false positive pools
1000	1000	13	20	28	30	0	21	19
1000	3000	61	52	31	32	36	17	30
1000	10000	297	194	32	2	47	0	2
1000	25000	699	545	6	0	19	0	0
1000	50000	1390	1256	0	0	0	0	0
1000	100000	2828	2715	0	0	0	0	0

false negative pools
1000	1000	801	7	0	2	62	1	3
1000	3000	1661	53	12	10	11	16	9
1000	10000	2141	349	34	29	25	43	41
1000	25000	1437	702	99	107	90	100	94
1000	50000	319	2205	190	217	174	211	192
1000	100000	7	5366	383	384	393	402	399

gain of malicious
1000	1000	3.12	-0.905	-0.97	-0.96	-0.54	-0.96	-0.97
1000	3000	1.805	-0.865	-0.92	-0.913333	-0.92	-0.876667	-0.888333
1000	10000	0.0715	-0.7765	-0.861	-0.8395	-0.878	-0.8415	-0.8425
1000	25000	-0.7126	-0.832	-0.8406	-0.8368	-0.8536	-0.8428	-0.846
1000	50000	-0.9681	-0.7741	-0.8441	-0.8413	-0.8431	-0.8415	-0.8337
1000	100000	-0.99965	-0.7301	-0.8432	-0.84955	-0.8341	-0.8428	-0.8391

execution time
1000	1000	0.54	11.6	0.25	1.67	1.87	0.34	0.35
1000	3000	0.27	9.03	0.36	1.84	2.38	0.34	1.67
1000	10000	0.43	3.31	0.89	2.22	2.4	0.45	0.85
1000	25000	0.68	0.99	2.29	2.44	2.96	0.59	0.82
1000	50000	1.17	1.64	3.48	2.28	2.23	0.91	1.38
1000	100000	3.47	1.55	9.01	2.78	3.05	1.55	2.47


miscalculated pools
1000	1000	25	34	28	22	28	28	26
1000	3000	75	98	87	90	88	93	71
1000	10000	296	259	288	284	265	263	302
1000	25000	784	712	692	633	667	702	672
1000	50000	1375	1333	1401	1380	1425	1353	1374
1000	100000	2789	2795	2774	2815	2814	2764	2779

discarded pools
1000	1000	843	20	9	4	79	3	7
1000	3000	1805	116	56	69	82	89	66
1000	10000	2108	543	312	323	250	307	346
1000	25000	995	1211	799	740	720	795	779
1000	50000	302	3238	1607	1559	1610	1551	1590
1000	100000	2	11192	3181	3195	3190	3186	3178

false positive pools
1000	1000	7	25	20	18	1	25	20
1000	3000	60	67	39	33	28	21	22
1000	10000	295	167	36	1	59	2	5
1000	25000	784	628	0	0	40	0	0
1000	50000	1375	589	0	0	9	0	0
1000	100000	2789	2740	0	0	0	0	0

false negative pools
1000	1000	825	11	1	0	52	0	1
1000	3000	1790	85	8	12	22	17	17
1000	10000	2107	451	60	40	44	46	49
1000	25000	995	1127	107	107	93	93	107
1000	50000	302	2494	206	179	194	198	216
1000	100000	2	11137	407	380	376	422	399

gain of malicious
1000	1000	3.215	-0.9	-0.955	-0.98	-0.605	-0.985	-0.965
1000	3000	2.008333	-0.806667	-0.906667	-0.885	-0.863333	-0.851667	-0.89
1000	10000	0.054	-0.7285	-0.844	-0.8385	-0.875	-0.8465	-0.827
1000	25000	-0.801	-0.7578	-0.8402	-0.852	-0.856	-0.841	-0.8442
1000	50000	-0.9698	-0.6762	-0.8393	-0.8441	-0.839	-0.8449	-0.841
1000	100000	-0.9999	-0.4404	-0.84095	-0.84025	-0.8405	-0.8407	-0.8411

execution time
1000	1000	0.31	10.72	0.21	5.42	1.92	0.31	0.37
1000	3000	0.31	7.84	0.33	1.86	2.57	0.4	0.5
1000	10000	0.39	3.1	0.93	2.16	2.46	0.44	0.6
1000	25000	0.62	0.88	2.5	2.44	2.87	0.59	0.94
1000	50000	1.15	1.01	4.01	2.33	2.28	0.96	1.39
1000	100000	2.15	1.55	9.08	2.87	2.71	3.21	2.46


miscalculated pools
1000	1000	41	26	25	26	24	26	28
1000	3000	84	88	91	71	86	86	81
1000	10000	275	270	271	278	298	295	262
1000	25000	668	669	682	720	723	683	662
1000	50000	1370	1364	1471	1375	1360	1361	1444
1000	100000	2806	2761	2829	2701	2807	2793	2798

discarded pools
1000	1000	773	26	12	5	6	9	11
1000	3000	1700	97	59	69	61	76	63
1000	10000	2277	348	306	315	253	340	310
1000	25000	1352	1148	773	821	780	780	765
1000	50000	309	2170	1689	1576	1533	1530	1649
1000	100000	2	3953	3214	3080	3219	3195	3179

false positive pools
1000	1000	20	18	14	23	19	19	19
1000	3000	64	49	46	16	39	23	28
1000	10000	275	216	10	3	70	0	0
1000	25000	668	392	2	0	36	0	0
1000	50000	1370	743	0	0	0	0	0
1000	100000	2806	1446	0	0	0	0	0

false negative pools
1000	1000	752	18	1	2	1	2	2
1000	3000	1680	58	14	14	14	13	10
1000	10000	2277	294	45	40	25	45	48
1000	25000	1352	871	93	101	93	97	103
1000	50000	309	1549	218	201	173	169	205
1000	100000	2	2638	385	379	412	402	381

gain of malicious
1000	1000	2.865	-0.87	-0.94	-0.975	-0.97	-0.955	-0.945
1000	3000	1.833333	-0.838333	-0.901667	-0.885	-0.898333	-0.873333	-0.895
1000	10000	0.1385	-0.826	-0.847	-0.8425	-0.8735	-0.83	-0.845
1000	25000	-0.7296	-0.7704	-0.8454	-0.8358	-0.844	-0.844	-0.847
1000	50000	-0.9691	-0.783	-0.8311	-0.8424	-0.8467	-0.847	-0.8351
1000	100000	-0.9999	-0.80235	-0.8393	-0.846	-0.83905	-0.84025	-0.84105

execution time
1000	1000	0.27	11.74	0.22	1.74	1.84	0.33	0.39
1000	3000	0.28	8.95	0.45	1.9	1.84	0.36	0.72
1000	10000	0.4	3.4	1.12	2.12	3.07	0.76	0.62
1000	25000	0.61	0.95	2.18	2.32	2.77	0.61	0.87
1000	50000	1.1	1.02	3.73	2.17	2.81	4.34	1.46
1000	100000	2.06	1.67	8.05	2.74	2.54	1.55	2.54


miscalculated pools
1000	1000	25	24	28	34	25	15	17
1000	3000	88	71	88	90	74	78	100
1000	10000	310	274	271	282	278	261	280
1000	25000	689	687	706	721	732	712	706
1000	50000	1347	1344	1396	1359	1350	1363	1378
1000	100000	2841	2818	2894	2755	2742	2710	2793

discarded pools
1000	1000	830	20	13	8	12	5	6
1000	3000	1665	99	60	76	52	72	95
1000	10000	2069	607	327	334	291	296	321
1000	25000	1320	914	802	800	800	807	798
1000	50000	382	5423	1594	1561	1545	1543	1586
1000	100000	4	8647	3299	3144	3115	3102	3217

false positive pools
1000	1000	9	17	18	28	16	11	16
1000	3000	72	47	46	31	41	24	22
1000	10000	309	157	9	0	29	0	0
1000	25000	689	566	3	0	10	0	0
1000	50000	1347	449	0	0	0	0	0
1000	100000	2841	2793	0	0	0	0	0

false negative pools
1000	1000	814	13	3	2	3	1	5
1000	3000	1649	75	18	17	19	18	17
1000	10000	2068	490	65	52	42	35	41
1000	25000	1320	793	99	79	78	95	92
1000	50000	382	4528	198	202	195	180	208
1000	100000	4	8622	405	389	373	392	424

gain of malicious
1000	1000	3.15	-0.9	-0.935	-0.96	-0.94	-0.975	-0.97
1000	3000	1.775	-0.835	-0.9	-0.873333	-0.913333	-0.88	-0.841667
1000	10000	0.0345	-0.6965	-0.8365	-0.833	-0.8545	-0.852	-0.8395
1000	25000	-0.736	-0.8172	-0.8396	-0.84	-0.84	-0.8386	-0.8404
1000	50000	-0.9618	-0.4577	-0.8406	-0.8439	-0.8455	-0.8457	-0.8414
1000	100000	-0.9998	-0.56765	-0.83505	-0.8428	-0.84425	-0.8449	-0.83915

execution time
1000	1000	0.24	12.19	0.21	1.68	2.28	0.31	0.36
1000	3000	0.24	8.37	0.4	1.89	2	0.38	0.42
1000	10000	0.39	3.21	1.06	2.72	2.63	0.45	0.57
1000	25000	1.8	0.86	2.26	2.45	2.58	0.67	0.88
1000	50000	1.1	1.07	4.84	2.54	2.45	0.9	1.38
1000	100000	1.99	1.62	8.36	2.73	2.87	1.53	2.48


miscalculated pools
1000	1000	24	32	39	30	35	34	27
1000	3000	74	92	100	84	86	87	90
1000	10000	284	257	284	272	286	249	266
1000	25000	670	750	745	707	647	668	694
1000	50000	1394	1374	1389	1365	1366	1393	1380
1000	100000	2682	2751	2814	2810	2801	2812	2852

discarded pools
1000	1000	794	33	19	10	75	8	13
1000	3000	1743	120	84	67	74	69	81
1000	10000	2318	462	309	309	249	307	301
1000	25000	1396	1359	847	796	734	761	779
1000	50000	307	1040	1605	1559	1572	1572	1581
1000	100000	14	10522	3212	3217	3191	3194	3267

false positive pools
1000	1000	14	21	23	22	2	27	18
1000	3000	60	52	32	31	30	25	25
1000	10000	282	224	21	5	70	1	3
1000	25000	670	705	0	0	16	0	0
1000	50000	1394	1078	0	0	0	0	0
1000	100000	2682	2719	0	0	0	0	0

false negative pools
1000	1000	784	22	3	2	42	1	4
1000	3000	1729	80	16	14	18	7	16
1000	10000	2316	429	46	42	33	59	38
1000	25000	1396	1314	102	89	103	93	85
1000	50000	307	744	216	194	206	179	201
1000	100000	14	10490	398	407	390	382	415

gain of malicious
1000	1000	2.97	-0.835	-0.905	-0.95	-0.625	-0.96	-0.935
1000	3000	1.905	-0.8	-0.86	-0.888333	-0.876667	-0.885	-0.865
1000	10000	0.159	-0.769	-0.8455	-0.8455	-0.8755	-0.8465	-0.8495
1000	25000	-0.7208	-0.7282	-0.8306	-0.8408	-0.8532	-0.8478	-0.8442
1000	50000	-0.9693	-0.896	-0.8395	-0.8441	-0.8428	-0.8428	-0.8419
1000	100000	-0.9993	-0.4739	-0.8394	-0.83915	-0.84045	-0.8403	-0.83665

execution time
1000	1000	0.42	11.84	0.19	1.7	2.08	2.96	0.41
1000	3000	0.26	8.41	0.43	1.82	2.43	0.37	0.42
1000	10000	0.53	3.65	0.94	3.31	5.32	0.45	0.53
1000	25000	0.61	0.9	1.84	2.39	3.2	0.63	0.85
1000	50000	1.02	0.98	4.16	2.59	2.49	1.02	1.39
1000	100000	2.04	1.53	8.9	3.39	2.72	1.56	2.47


miscalculated pools
1000	1000	31	28	23	31	26	25	37
1000	3000	82	98	76	94	64	108	95
1000	10000	267	262	277	260	275	271	278
1000	25000	702	638	711	682	697	717	670
1000	50000	1443	1374	1363	1436	1395	1421	1378
1000	100000	2859	2780	2800	2785	2690	2722	2831

discarded pools
1000	1000	808	19	7	9	9	10	11
1000	3000	1629	91	50	85	58	112	79
1000	10000	2348	373	295	295	231	311	317
1000	25000	1417	1348	813	780	781	797	776
1000	50000	192	938	1544	1641	1581	1631	1593
1000	100000	2	5343	3227	3189	3088	3096	3245

false positive pools
1000	1000	12	19	18	24	18	16	29
1000	3000	66	64	34	23	25	21	28
1000	10000	267	206	28	1	73	1	0
1000	25000	702	586	5	0	24	0	0
1000	50000	1443	1190	0	0	0	0	0
1000	100000	2859	2758	0	0	0	0	0

false negative pools
1000	1000	789	10	2	2	1	1	3
1000	3000	1613	57	8	14	19	25	12
1000	10000	2348	317	46	36	29	41	39
1000	25000	1417	1296	107	98	108	80	106
1000	50000	192	754	181	205	186	210	215
1000	100000	2	5321	427	404	398	374	414

gain of malicious
1000	1000	3.04	-0.905	-0.965	-0.955	-0.955	-0.95	-0.945
1000	3000	1.715	-0.848333	-0.916667	-0.858333	-0.903333	-0.813333	-0.868333
1000	10000	0.174	-0.8135	-0.8525	-0.8525	-0.8845	-0.8445	-0.8415
1000	25000	-0.7166	-0.7304	-0.8374	-0.844	-0.8438	-0.8406	-0.8448
1000	50000	-0.9808	-0.9062	-0.8456	-0.8359	-0.8419	-0.8369	-0.8407
1000	100000	-0.9999	-0.73285	-0.83865	-0.84055	-0.8456	-0.8452	-0.83775

execution time
1000	1000	0.37	12.33	0.23	1.63	2.5	0.33	0.39
1000	3000	0.26	8.8	0.35	1.92	2.79	0.71	0.42
1000	10000	0.4	3.62	0.88	2.26	2.64	0.45	0.57
1000	25000	0.71	0.87	2.07	2.21	2.78	0.65	0.81
1000	50000	1.04	0.95	4.03	2.51	2.67	2.87	1.45
1000	100000	2.01	1.55	9.9	2.63	5.33	1.57	2.31


miscalculated pools
1000	1000	27	29	39	23	37	26	34
1000	3000	83	77	62	95	77	78	86
1000	10000	268	311	301	288	286	227	292
1000	25000	675	706	696	715	737	708	666
1000	50000	1338	1310	1390	1320	1394	1375	1496
1000	100000	2764	2858	2740	2846	2831	2771	2695

discarded pools
1000	1000	818	22	29	7	18	14	17
1000	3000	1663	103	49	88	62	72	76
1000	10000	2274	435	351	320	276	257	341
1000	25000	1485	1568	813	801	796	811	778
1000	50000	353	5080	1599	1520	1612	1567	1686
1000	100000	7	508	3124	3222	3230	3144	3091

false positive pools
1000	1000	10	18	17	17	23	14	22
1000	3000	62	40	25	27	35	21	23
1000	10000	268	266	22	4	42	0	5
1000	25000	675	418	0	0	24	0	0
1000	50000	1338	1293	0	0	0	0	0
1000	100000	2764	2717	0	0	0	0	0

false negative pools
1000	1000	801	11	7	1	4	2	5
1000	3000	1642	66	12	20	20	15	13
1000	10000	2274	390	72	36	32	30	54
1000	25000	1485	1280	117	86	83	103	112
1000	50000	353	5063	209	200	218	192	190
1000	100000	7	367	384	376	399	373	396

gain of malicious
1000	1000	3.09	-0.89	-0.855	-0.965	-0.91	-0.93	-0.915
1000	3000	1.771667	-0.828333	-0.918333	-0.853333	-0.896667	-0.88	-0.873333
1000	10000	0.137	-0.7825	-0.8245	-0.84	-0.862	-0.8715	-0.8295
1000	25000	-0.703	-0.6864	-0.8374	-0.8398	-0.8408	-0.8378	-0.8444
1000	50000	-0.9647	-0.492	-0.8401	-0.848	-0.8388	-0.8433	-0.8314
1000	100000	-0.99965	-0.9746	-0.8438	-0.8389	-0.8385	-0.8428	-0.84545

execution time
1000	1000	0.2	11.09	0.24	1.7	1.96	0.34	0.37
1000	3000	0.59	8.09	0.37	1.88	2.66	0.4	0.43
1000	10000	0.4	3.49	0.89	5.19	2.44	1.68	0.56
1000	25000	0.65	0.91	2.41	3.32	2.71	2.06	0.88
1000	50000	1.12	1	3.82	2.36	2.51	0.91	1.45
1000	100000	2.04	1.68	8.82	2.76	2.73	1.46	2.52


miscalculated pools
1000	1000	26	25	36	39	33	29	23
1000	3000	99	92	90	88	99	80	87
1000	10000	293	261	254	308	281	275	300
1000	25000	670	707	699	657	733	654	654
1000	50000	1434	1389	1330	1404	1317	1375	1461
1000	100000	2827	2824	2894	2790	2781	2637	2843

discarded pools
1000	1000	793	25	10	13	19	7	11
1000	3000	1625	104	85	55	93	68	67
1000	10000	2414	502	320	340	275	315	334
1000	25000	1385	1723	783	750	810	756	747
1000	50000	306	993	1545	1607	1529	1576	1676
1000	100000	7	5765	3283	3206	3161	3041	3224

false positive pools
1000	1000	18	17	28	29	19	23	15
1000	3000	78	64	29	41	38	29	26
1000	10000	290	221	7	3	43	4	2
1000	25000	670	267	4	0	25	0	0
1000	50000	1434	1241	0	0	0	0	0
1000	100000	2827	2808	0	0	0	0	0

false negative pools
1000	1000	785	17	2	3	5	1	3
1000	3000	1604	76	24	8	32	17	6
1000	10000	2411	462	73	35	37	44	36
1000	25000	1385	1283	88	93	102	102	93
1000	50000	306	845	215	203	212	201	215
1000	100000	7	5749	389	416	380	404	381

gain of malicious
1000	1000	2.965	-0.875	-0.95	-0.935	-0.905	-0.965	-0.945
1000	3000	1.708333	-0.826667	-0.858333	-0.908333	-0.845	-0.886667	-0.888333
1000	10000	0.207	-0.749	-0.84	-0.83	-0.8625	-0.8425	-0.833
1000	25000	-0.723	-0.6554	-0.8434	-0.85	-0.838	-0.8488	-0.8506
1000	50000	-0.9694	-0.9007	-0.8455	-0.8393	-0.8471	-0.8424	-0.8324
1000	100000	-0.99965	-0.71175	-0.83585	-0.8397	-0.84195	-0.84795	-0.8388

execution time
1000	1000	0.22	12.13	0.25	1.69	2.72	0.33	0.38
1000	3000	0.45	8	0.35	1.76	2.8	0.35	0.5
1000	10000	0.38	3	0.84	2.19	1.98	0.86	0.53
1000	25000	0.62	0.98	1.9	2.68	1.96	0.68	0.93
1000	50000	1.14	2.1	4.33	2.28	3.25	1.04	1.4
1000	100000	1.9	4.68	8.24	2.86	2.72	1.44	2.48


miscalculated pools
1000	1000	29	30	25	29	34	27	35
1000	3000	58	80	92	94	87	92	82
1000	10000	284	292	278	288	282	256	268
1000	25000	661	685	663	720	676	690	682
1000	50000	1406	1395	1415	1398	1369	1376	1420
1000	100000	2881	2764	2779	2805	2744	2742	2761

discarded pools
1000	1000	818	23	2	4	92	8	18
1000	3000	1813	94	81	76	73	89	70
1000	10000	2311	434	341	323	279	292	313
1000	25000	1569	1654	768	830	768	781	778
1000	50000	218	886	1599	1610	1561	1577	1589
1000	100000	6	12148	3188	3206	3126	3125	3154

false positive pools
1000	1000	9	20	23	27	0	19	21
1000	3000	48	52	30	28	34	20	25
1000	10000	283	184	15	2	39	2	1
1000	25000	661	647	0	0	16	0	0
1000	50000	1406	1138	0	0	7	0	0
1000	100000	2881	2722	0	0	0	0	0

false negative pools
1000	1000	798	13	0	2	58	0	4
1000	3000	1803	66	19	10	20	17	13
1000	10000	2310	326	78	37	36	38	46
1000	25000	1569	1616	105	110	108	91	96
1000	50000	218	629	184	212	199	201	169
1000	100000	6	12106	409	401	382	383	393

gain of malicious
1000	1000	3.09	-0.885	-0.99	-0.98	-0.54	-0.96	-0.91
1000	3000	2.021667	-0.843333	-0.865	-0.873333	-0.878333	-0.851667	-0.883333
1000	10000	0.1555	-0.783	-0.8295	-0.8385	-0.8605	-0.854	-0.8435
1000	25000	-0.6862	-0.6692	-0.8464	-0.834	-0.8464	-0.8438	-0.8444
1000	50000	-0.9782	-0.9114	-0.8401	-0.839	-0.8439	-0.8423	-0.8411
1000	100000	-0.9997	-0.3926	-0.8406	-0.8397	-0.8437	-0.84375	-0.8423

execution time
1000	1000	0.22	11.88	0.17	1.8	1.88	0.34	0.37
1000	3000	0.27	10.81	0.33	1.84	2.35	0.44	0.44
1000	10000	0.38	3.58	0.92	2.23	2.62	0.45	0.56
1000	25000	0.68	1.01	2.34	2.37	2.73	0.62	0.91
1000	50000	1.22	1	4.59	2.37	2.44	0.97	1.42
1000	100000	3.22	1.71	7.16	3.76	2.22	1.54	2.4


miscalculated pools
1000	1000	27	30	22	24	23	32	28
1000	3000	81	99	96	106	80	74	86
1000	10000	280	267	294	309	265	256	277
1000	25000	703	681	708	728	724	708	695
1000	50000	1360	1470	1423	1377	1418	1382	1425
1000	100000	2828	2753	2853	2731	2746	2818	2783

discarded pools
1000	1000	839	27	7	4	9	13	6
1000	3000	1714	108	82	75	34	65	79
1000	10000	2064	482	334	350	241	302	328
1000	25000	1471	1679	805	821	759	791	780
1000	50000	318	1179	1622	1560	1644	1592	1626
1000	100000	2	3299	3238	3152	3174	3178	3147

false positive pools
1000	1000	8	17	17	21	17	21	23
1000	3000	66	63	34	51	53	21	24
1000	10000	279	212	12	0	63	1	3
1000	25000	703	658	4	0	39	0	0
1000	50000	1360	1088	0	0	0	0	0
1000	100000	2828	2727	0	0	0	0	0

false negative pools
1000	1000	820	14	2	1	3	2	1
1000	3000	1699	72	20	20	7	12	17
1000	10000	2063	427	52	41	39	47	54
1000	25000	1471	1656	101	93	74	83	85
1000	50000	318	797	199	183	226	210	201
1000	100000	2	3273	385	421	428	360	364

gain of malicious
1000	1000	3.195	-0.865	-0.965	-0.98	-0.955	-0.935	-0.97
1000	3000	1.856667	-0.82	-0.863333	-0.875	-0.943333	-0.891667	-0.868333
1000	10000	0.032	-0.759	-0.833	-0.825	-0.8795	-0.849	-0.836
1000	25000	-0.7058	-0.6642	-0.839	-0.8358	-0.8482	-0.8418	-0.844
1000	50000	-0.9682	-0.8821	-0.8378	-0.844	-0.8356	-0.8408	-0.8374
1000	100000	-0.9999	-0.83505	-0.8381	-0.8424	-0.8413	-0.8411	-0.84265

execution time
1000	1000	0.22	11.42	0.25	1.68	2.37	0.31	0.35
1000	3000	0.27	8.26	0.48	1.96	2.42	0.38	0.46
1000	10000	3.7	3.5	0.94	2.23	4.14	0.42	0.6
1000	25000	0.65	1.02	1.98	2.2	3.36	0.68	0.91
1000	50000	1.14	1.04	4.34	2.29	1.92	1.31	1.34
1000	100000	2	2.23	7.79	6.79	2.39	1.57	2.31


miscalculated pools
1000	1000	23	24	26	20	26	17	20
1000	3000	92	93	96	86	86	80	88
1000	10000	285	288	266	263	285	262	291
1000	25000	720	695	674	726	681	709	723
1000	50000	1410	1359	1334	1409	1413	1383	1347
1000	100000	2842	2744	2762	2722	2876	2793	2737

discarded pools
1000	1000	813	26	11	12	5	10	4
1000	3000	1607	96	73	69	24	58	89
1000	10000	2147	327	283	292	265	313	333
1000	25000	1296	1088	774	824	736	809	834
1000	50000	222	3950	1540	1595	1578	1573	1569
1000	100000	9	8590	3149	3124	3255	3174	3137

false positive pools
1000	1000	10	15	17	11	21	10	16
1000	3000	80	65	41	26	63	29	19
1000	10000	284	236	24	5	59	3	4
1000	25000	720	365	6	0	48	0	0
1000	50000	1410	472	0	0	17	0	0
1000	100000	2842	2728	0	0	0	0	0

false negative pools
1000	1000	800	17	2	3	0	3	0
1000	3000	1595	68	18	9	1	7	20
1000	10000	2146	275	41	34	39	54	46
1000	25000	1296	758	106	98	103	100	111
1000	50000	222	3063	206	186	182	190	222
1000	100000	9	8574	387	402	379	381	400

gain of malicious
1000	1000	3.065	-0.87	-0.945	-0.94	-0.975	-0.95	-0.98
1000	3000	1.678333	-0.84	-0.878333	-0.885	-0.96	-0.903333	-0.851667
1000	10000	0.0735	-0.8365	-0.8585	-0.854	-0.8675	-0.8435	-0.8335
1000	25000	-0.7408	-0.7824	-0.8452	-0.8352	-0.8528	-0.8382	-0.8332
1000	50000	-0.9778	-0.605	-0.846	-0.8405	-0.8422	-0.8427	-0.8431
1000	100000	-0.99955	-0.5705	-0.84255	-0.8438	-0.83725	-0.8413	-0.84315

execution time
1000	1000	0.25	12.57	0.19	1.8	1.99	0.33	0.39
1000	3000	0.24	8.53	0.54	1.89	2.49	0.36	0.42
1000	10000	0.38	3.38	0.82	2.24	2.85	0.45	0.56
1000	25000	0.65	0.84	1.95	2.28	2.04	0.67	0.85
1000	50000	1.03	1.07	3.4	7.66	2.39	0.96	4.28
1000	100000	1.93	1.54	9.12	2.83	2.49	1.62	2.37


miscalculated pools
1000	1000	22	29	19	31	37	29	29
1000	3000	85	89	71	79	61	81	79
1000	10000	259	268	270	275	265	295	254
1000	25000	744	707	702	663	734	728	667
1000	50000	1415	1407	1353	1444	1445	1398	1385
1000	100000	2885	2788	2777	2749	2856	2845	2877

discarded pools
1000	1000	793	26	6	7	23	8	10
1000	3000	1657	103	46	74	93	69	71
1000	10000	2389	501	297	309	267	348	293
1000	25000	1195	993	790	749	789	827	758
1000	50000	304	4342	1553	1623	1635	1605	1581
1000	100000	6	2318	3196	3130	3258	3251	3277

false positive pools
1000	1000	9	21	17	24	20	24	21
1000	3000	69	55	38	22	14	21	27
1000	10000	256	180	18	4	34	2	1
1000	25000	744	585	4	0	35	0	0
1000	50000	1415	1388	0	0	0	0	0
1000	100000	2885	2764	0	0	0	0	0

false negative pools
1000	1000	780	18	4	0	6	3	2
1000	3000	1641	69	13	17	46	9	19
1000	10000	2386	413	45	38	36	55	40
1000	25000	1195	871	92	86	90	99	91
1000	50000	304	4323	200	179	190	207	196
1000	100000	6	2294	419	381	402	406	400

gain of malicious
1000	1000	2.965	-0.87	-0.97	-0.965	-0.885	-0.96	-0.95
1000	3000	1.761667	-0.828333	-0.923333	-0.876667	-0.845	-0.885	-0.881667
1000	10000	0.1945	-0.7495	-0.8515	-0.8455	-0.8665	-0.826	-0.8535
1000	25000	-0.761	-0.8014	-0.842	-0.8502	-0.8422	-0.8346	-0.8484
1000	50000	-0.9696	-0.5658	-0.8447	-0.8377	-0.8365	-0.8395	-0.8419
1000	100000	-0.9997	-0.8841	-0.8402	-0.8435	-0.8371	-0.83745	-0.83615

execution time
1000	1000	0.21	12.68	0.25	1.75	2.56	0.33	1.54
1000	3000	0.27	8.08	0.33	1.86	1.87	0.38	0.41
1000	10000	0.38	2.75	0.86	2.25	2.77	0.43	0.58
1000	25000	0.65	0.9	1.97	2.25	3.56	0.63	0.9
1000	50000	1.1	1	3.7	2.39	5.02	0.93	1.46
1000	100000	4.54	1.55	7.92	2.62	2.29	1.5	2.3


miscalculated pools
1000	1000	26	29	28	25	25	33	30
1000	3000	78	87	77	92	94	73	72
1000	10000	295	271	267	295	277	282	280
1000	25000	694	679	684	717	695	644	707
1000	50000	1383	1449	1407	1413	1370	1397	1385
1000	100000	2814	2770	2789	2794	2859	2900	2839

discarded pools
1000	1000	827	22	9	7	16	15	13
1000	3000	1652	100	52	85	95	65	75
1000	10000	2057	404	258	337	277	314	324
1000	25000	1395	790	782	810	749	750	813
1000	50000	246	1011	1606	1602	1556	1594	1597
1000	100000	1	10022	3171	3194	3242	3280	3256

false positive pools
1000	1000	13	18	22	19	16	21	20
1000	3000	66	56	35	24	27	16	9
1000	10000	295	222	40	2	39	5	2
1000	25000	694	530	2	0	34	0	0
1000	50000	1383	1303	0	0	10	0	0
1000	100000	2814	2737	0	0	0	0	0

false negative pools
1000	1000	814	11	3	1	7	3	3
1000	3000	1640	69	10	17	28	8	12
1000	10000	2057	355	31	44	39	37	46
1000	25000	1395	641	100	93	88	106	106
1000	50000	246	865	199	189	196	197	212
1000	100000	1	9989	382	400	383	380	417

gain of malicious
1000	1000	3.135	-0.89	-0.955	-0.965	-0.92	-0.925	-0.935
1000	3000	1.753333	-0.833333	-0.913333	-0.858333	-0.841667	-0.891667	-0.875
1000	10000	0.0285	-0.798	-0.871	-0.8315	-0.8615	-0.843	-0.838
1000	25000	-0.721	-0.842	-0.8436	-0.838	-0.8502	-0.85	-0.8374
1000	50000	-0.9754	-0.8989	-0.8394	-0.8398	-0.8444	-0.8406	-0.8403
1000	100000	-0.99995	-0.4989	-0.84145	-0.8403	-0.8379	-0.836	-0.8372

execution time
1000	1000	0.25	11.52	0.19	1.66	2.79	0.33	0.38
1000	3000	0.27	8.57	0.56	1.91	2.39	0.36	0.4
1000	10000	0.4	3.28	1.08	2.27	2.16	0.45	0.55
1000	25000	0.65	1.3	2.04	3.5	2.26	0.62	0.89
1000	50000	1.94	0.91	3.68	2.42	2.5	0.9	1.42
1000	100000	1.94	1.54	8.05	3.12	2.63	1.51	2.47


miscalculated pools
1000	1000	33	29	23	28	27	32	23
1000	3000	93	92	78	73	97	95	94
1000	10000	293	279	276	292	265	270	265
1000	25000	667	706	737	695	719	699	694
1000	50000	1380	1354	1369	1393	1430	1441	1352
1000	100000	2844	2766	2847	2836	2748	2755	2856

discarded pools
1000	1000	792	28	17	7	13	18	13
1000	3000	1551	83	51	58	83	85	93
1000	10000	2225	442	305	322	255	312	294
1000	25000	1428	1166	835	793	778	792	812
1000	50000	316	868	1559	1606	1633	1635	1549
1000	100000	4	3653	3273	3230	3169	3160	3227

false positive pools
1000	1000	21	16	11	21	18	18	14
1000	3000	80	66	35	26	37	25	21
1000	10000	291	161	18	1	50	1	0
1000	25000	667	404	0	0	39	0	0
1000	50000	1380	1101	0	0	0	0	0
1000	100000	2844	2746	0	0	0	0	0

false negative pools
1000	1000	780	15	5	0	4	4	4
1000	3000	1538	57	8	11	23	15	20
1000	10000	2223	324	47	31	40	43	29
1000	25000	1428	864	98	98	98	93	118
1000	50000	316	615	190	213	203	194	197
1000	100000	4	3633	426	394	421	405	371

gain of malicious
1000	1000	2.96	-0.86	-0.915	-0.965	-0.935	-0.91	-0.935
1000	3000	1.585	-0.861667	-0.915	-0.903333	-0.861667	-0.858333	-0.845
1000	10000	0.1125	-0.779	-0.8475	-0.839	-0.8725	-0.844	-0.853
1000	25000	-0.7144	-0.7668	-0.833	-0.8414	-0.8444	-0.8416	-0.8376
1000	50000	-0.9684	-0.9132	-0.8441	-0.8394	-0.8367	-0.8365	-0.8451
1000	100000	-0.9998	-0.81735	-0.83635	-0.8385	-0.84155	-0.842	-0.83865

execution time
1000	1000	0.23	10.91	0.21	1.75	2.23	0.36	0.37
1000	3000	2.54	8.97	0.45	1.98	2.47	0.35	0.39
1000	10000	0.38	3.12	1.18	2.17	2.42	0.44	0.58
1000	25000	0.65	0.91	2.38	2.95	2.84	0.63	0.91
1000	50000	1.3	1.12	4.68	2.43	2.51	0.91	1.56
1000	100000	1.96	1.59	7.93	2.75	2.67	1.54	3.14


miscalculated pools
1000	1000	32	28	24	25	38	25	29
1000	3000	93	88	91	83	81	84	78
1000	10000	299	299	254	272	287	307	292
1000	25000	726	701	706	741	726	694	697
1000	50000	1412	1420	1387	1388	1392	1342	1429
1000	100000	2865	2821	2735	2804	2845	2741	2749

discarded pools
1000	1000	785	36	15	4	77	15	17
1000	3000	1732	101	74	69	56	76	66
1000	10000	2059	391	279	316	274	348	338
1000	25000	1286	1744	797	832	811	792	794
1000	50000	243	3084	1574	1565	1611	1547	1635
1000	100000	3	8493	3133	3210	3226	3137	3124

false positive pools
1000	1000	12	14	13	21	2	15	16
1000	3000	67	46	34	29	42	23	24
1000	10000	299	255	22	0	55	2	0
1000	25000	726	659	3	0	35	0	0
1000	50000	1412	700	0	0	0	0	0
1000	100000	2865	2807	0	0	0	0	0

false negative pools
1000	1000	765	22	4	0	41	5	4
1000	3000	1706	59	17	15	17	15	12
1000	10000	2059	347	47	44	42	43	46
1000	25000	1286	1702	94	91	120	98	97
1000	50000	243	2364	187	177	219	205	206
1000	100000	3	8479	398	406	381	396	375

gain of malicious
1000	1000	2.925	-0.82	-0.925	-0.98	-0.615	-0.925	-0.915
1000	3000	1.886667	-0.831667	-0.876667	-0.885	-0.906667	-0.873333	-0.89
1000	10000	0.0295	-0.8045	-0.8605	-0.842	-0.863	-0.826	-0.831
1000	25000	-0.7428	-0.6512	-0.8406	-0.8336	-0.8378	-0.8416	-0.8412
1000	50000	-0.9757	-0.6916	-0.8426	-0.8435	-0.8389	-0.8453	-0.8365
1000	100000	-0.99985	-0.57535	-0.84335	-0.8395	-0.8387	-0.84315	-0.8438

execution time
1000	1000	0.2	11.33	0.31	1.75	1.62	0.3	0.47
1000	3000	0.24	10.28	0.4	1.9	3.32	0.35	0.4
1000	10000	0.41	3.26	0.9	2.27	3.26	0.53	0.52
1000	25000	0.65	0.97	2.21	2.27	2.66	0.58	0.84
1000	50000	1.05	0.94	4.96	2.64	2.4	1.01	1.41
1000	100000	3.56	1.55	8.54	2.73	2.3	1.97	5.44


miscalculated pools
1000	1000	25	19	33	23	23	23	23
1000	3000	90	74	94	85	85	73	68
1000	10000	289	273	299	253	305	307	263
1000	25000	706	716	706	740	694	714	692
1000	50000	1331	1389	1372	1402	1370	1401	1399
1000	100000	2712	2776	2832	2816	2846	2665	2797

discarded pools
1000	1000	811	19	12	4	11	2	6
1000	3000	1639	89	105	65	66	72	54
1000	10000	2293	515	357	280	272	348	301
1000	25000	1455	1171	800	832	787	818	786
1000	50000	334	969	1591	1577	1550	1597	1597
1000	100000	7	13516	3251	3209	3237	3065	3204

false positive pools
1000	1000	8	13	23	20	16	23	18
1000	3000	73	46	30	30	38	13	24
1000	10000	286	165	28	5	66	0	4
1000	25000	706	619	0	0	10	0	0
1000	50000	1331	1173	0	0	0	0	0
1000	100000	2712	497	0	0	0	0	0

false negative pools
1000	1000	794	13	2	1	4	2	1
1000	3000	1622	61	41	10	19	12	10
1000	10000	2290	407	86	32	33	41	42
1000	25000	1455	1074	94	92	103	104	94
1000	50000	334	753	219	175	180	196	198
1000	100000	7	11237	419	393	391	400	407

gain of malicious
1000	1000	3.055	-0.905	-0.94	-0.98	-0.945	-0.99	-0.97
1000	3000	1.731667	-0.851667	-0.825	-0.891667	-0.89	-0.88	-0.91
1000	10000	0.1465	-0.7425	-0.8215	-0.86	-0.864	-0.826	-0.8495
1000	25000	-0.709	-0.7658	-0.84	-0.8336	-0.8426	-0.8364	-0.8428
1000	50000	-0.9666	-0.9031	-0.8409	-0.8423	-0.845	-0.8403	-0.8403
1000	100000	-0.99965	-0.3242	-0.83745	-0.83955	-0.83815	-0.84675	-0.8398

execution time
1000	1000	0.22	11.3	0.34	1.72	1.61	0.31	0.42
1000	3000	0.32	9.05	0.4	1.89	2.61	0.34	0.4
1000	10000	0.36	3.94	0.91	2.07	2.94	0.43	0.69
1000	25000	0.66	0.84	2.47	2.46	2.27	0.65	0.9
1000	50000	1.14	1	3.92	2.4	2.4	0.93	1.37
1000	100000	1.87	1.53	7.43	3.13	3.04	1.41	7.94


miscalculated pools
1000	1000	31	27	36	30	33	16	29
1000	3000	89	83	99	83	72	68	80
1000	10000	264	265	281	277	253	277	274
1000	25000	713	686	735	740	724	728	699
1000	50000	1412	1437	1339	1370	1387	1459	1345
1000	100000	2843	2813	2678	2829	2733	2756	2782

discarded pools
1000	1000	766	25	1	8	11	4	15
1000	3000	1639	101	72	63	47	59	79
1000	10000	2378	472	298	317	235	320	319
1000	25000	1345	1926	841	824	763	826	801
1000	50000	252	5402	1548	1551	1564	1665	1532
1000	100000	4	11267	3090	3179	3141	3160	3152

false positive pools
1000	1000	18	17	36	22	23	13	21
1000	3000	72	46	37	27	38	19	16
1000	10000	264	217	28	8	49	0	0
1000	25000	713	646	0	0	37	0	0
1000	50000	1412	1419	0	0	0	0	0
1000	100000	2843	2760	0	0	0	0	0

false negative pools
1000	1000	753	15	1	0	1	1	7
1000	3000	1622	64	10	7	13	10	15
1000	10000	2378	424	45	48	31	43	45
1000	25000	1345	1886	106	84	76	98	102
1000	50000	252	5384	209	181	177	206	187
1000	100000	4	11214	412	350	408	404	370

gain of malicious
1000	1000	2.83	-0.875	-0.995	-0.96	-0.945	-0.98	-0.925
1000	3000	1.731667	-0.831667	-0.88	-0.895	-0.921667	-0.901667	-0.868333
1000	10000	0.189	-0.764	-0.851	-0.8415	-0.8825	-0.84	-0.8405
1000	25000	-0.731	-0.6148	-0.8318	-0.8352	-0.8474	-0.8348	-0.8398
1000	50000	-0.9748	-0.4598	-0.8452	-0.8449	-0.8436	-0.8335	-0.8468
1000	100000	-0.9998	-0.43665	-0.8455	-0.84105	-0.84295	-0.842	-0.8424

execution time
1000	1000	0.22	11.41	0.24	1.68	1.84	0.33	0.37
1000	3000	0.25	8.08	0.35	1.79	1.8	0.34	0.4
1000	10000	0.39	4.14	0.85	2.26	5.35	0.44	0.56
1000	25000	0.65	0.87	2.09	2.47	2.44	0.84	0.84
1000	50000	1.07	0.92	3.5	2.35	2.39	1.2	1.39
1000	100000	2.06	1.65	9	2.67	2.52	1.56	2.48


miscalculated pools
1000	1000	27	25	29	24	27	38	31
1000	3000	95	83	82	79	87	70	66
1000	10000	296	272	268	307	288	276	301
1000	25000	688	685	700	640	669	705	728
1000	50000	1353	1360	1370	1379	1384	1373	1399
1000	100000	2746	2767	2784	2709	2831	2733	2779

discarded pools
1000	1000	802	35	12	5	9	11	6
1000	3000	1605	121	64	75	69	62	55
1000	10000	2179	423	291	342	261	327	349
1000	25000	1437	1017	795	736	754	791	842
1000	50000	244	2767	1540	1576	1581	1573	1626
1000	100000	6	5222	3194	3119	3233	3141	3135

false positive pools
1000	1000	14	14	19	19	20	28	26
1000	3000	77	44	33	22	38	17	19
1000	10000	296	214	23	3	55	0	1
1000	25000	688	435	0	0	19	0	0
1000	50000	1353	691	0	0	0	0	0
1000	100000	2746	1201	0	0	0	0	0

false negative pools
1000	1000	789	24	2	0	2	1	1
1000	3000	1587	82	15	18	20	9	8
1000	10000	2179	365	46	38	28	51	49
1000	25000	1437	767	95	96	104	86	114
1000	50000	244	2098	170	197	197	200	227
1000	100000	6	3656	410	410	402	408	356

gain of malicious
1000	1000	3.01	-0.825	-0.94	-0.975	-0.955	-0.945	-0.97
1000	3000	1.675	-0.798333	-0.893333	-0.875	-0.885	-0.896667	-0.908333
1000	10000	0.0895	-0.7885	-0.8545	-0.829	-0.8695	-0.8365	-0.8255
1000	25000	-0.7126	-0.7966	-0.841	-0.8528	-0.8492	-0.8418	-0.8316
1000	50000	-0.9756	-0.7233	-0.846	-0.8424	-0.8419	-0.8427	-0.8374
1000	100000	-0.9997	-0.7389	-0.8403	-0.84405	-0.83835	-0.84295	-0.84325

execution time
1000	1000	0.24	10.92	0.33	1.6	3.51	0.37	0.36
1000	3000	0.25	7.99	0.46	1.99	2.5	0.36	0.47
1000	10000	0.38	3.4	1.03	2.29	3.34	0.49	0.58
1000	25000	0.64	0.79	2.09	2.26	2.71	2.18	0.83
1000	50000	1.04	0.97	4.53	7.43	2.11	0.95	1.42
1000	100000	2	1.86	8.71	2.59	2.68	1.91	2.45


miscalculated pools
1000	1000	30	23	30	37	31	31	30
1000	3000	78	87	74	86	88	89	72
1000	10000	273	283	261	271	269	289	306
1000	25000	663	684	692	682	686	690	714
1000	50000	1449	1381	1436	1412	1451	1374	1353
1000	100000	2807	2715	2788	2741	2781	2800	2752

discarded pools
1000	1000	829	22	7	11	13	8	12
1000	3000	1694	99	67	65	68	78	60
1000	10000	2430	467	267	312	254	325	349
1000	25000	1539	1049	769	783	763	792	812
1000	50000	255	890	1653	1606	1648	1602	1538
1000	100000	10	7309	3202	3154	3197	3194	3139

false positive pools
1000	1000	12	18	25	27	19	24	22
1000	3000	66	55	28	36	38	19	18
1000	10000	270	173	32	2	39	4	5
1000	25000	663	390	5	0	18	0	0
1000	50000	1449	1199	0	0	9	0	0
1000	100000	2807	2705	0	0	0	0	0

false negative pools
1000	1000	811	17	2	1	1	1	4
1000	3000	1682	67	21	15	18	8	6
1000	10000	2427	357	38	43	24	40	48
1000	25000	1539	755	82	101	95	102	98
1000	50000	255	708	217	194	206	228	185
1000	100000	10	7299	414	413	416	394	387

gain of malicious
1000	1000	3.145	-0.89	-0.965	-0.945	-0.935	-0.96	-0.94
1000	3000	1.823333	-0.835	-0.888333	-0.891667	-0.886667	-0.87	-0.9
1000	10000	0.215	-0.7665	-0.8665	-0.844	-0.873	-0.8375	-0.8255
1000	25000	-0.6922	-0.7902	-0.8462	-0.8434	-0.8474	-0.8416	-0.8376
1000	50000	-0.9745	-0.911	-0.8347	-0.8394	-0.8352	-0.8398	-0.8462
1000	100000	-0.9995	-0.63455	-0.8399	-0.8423	-0.84015	-0.8403	-0.84305

execution time
1000	1000	0.42	11.33	0.19	1.81	2.33	0.38	0.33
1000	3000	0.27	8.23	0.5	1.82	2.8	0.34	0.38
1000	10000	0.38	3.47	1.33	2.27	3.04	0.43	0.56
1000	25000	0.66	0.87	1.99	3.14	2.13	0.59	0.84
1000	50000	1.08	0.95	3.86	2.56	2.65	0.88	2.15
1000	100000	1.93	1.63	8.65	3.49	2.7	1.58	2.53


miscalculated pools
1000	1000	35	37	28	33	28	26	16
1000	3000	78	75	94	93	76	75	79
1000	10000	309	260	279	250	289	273	259
1000	25000	711	683	665	718	695	682	707
1000	50000	1437	1388	1352	1408	1392	1451	1378
1000	100000	2768	2796	2842	2761	2846	2768	2912

discarded pools
1000	1000	798	34	8	9	10	10	12
1000	3000	1722	93	82	66	61	68	68
1000	10000	1980	409	312	284	280	319	307
1000	25000	1320	1746	760	825	749	773	804
1000	50000	252	2647	1554	1593	1585	1640	1565
1000	100000	9	681	3233	3136	3256	3204	3313

false positive pools
1000	1000	10	20	22	26	22	17	8
1000	3000	65	45	42	37	32	20	28
1000	10000	309	212	13	8	50	0	2
1000	25000	711	637	0	0	34	0	0
1000	50000	1437	706	0	0	8	0	0
1000	100000	2768	2572	0	0	0	0	0

false negative pools
1000	1000	773	17	2	2	4	1	4
1000	3000	1709	63	30	10	17	13	17
1000	10000	1980	361	46	42	41	46	50
1000	25000	1320	1700	95	107	88	91	97
1000	50000	252	1965	202	185	201	189	187
1000	100000	9	457	391	375	410	436	401

gain of malicious
1000	1000	2.99	-0.83	-0.96	-0.955	-0.95	-0.95	-0.94
1000	3000	1.87	-0.845	-0.863333	-0.89	-0.898333	-0.886667	-0.886667
1000	10000	-0.01	-0.7955	-0.844	-0.858	-0.86	-0.8405	-0.8465
1000	25000	-0.736	-0.6508	-0.848	-0.835	-0.8502	-0.8454	-0.8392
1000	50000	-0.9748	-0.7353	-0.8446	-0.8407	-0.8415	-0.836	-0.8435
1000	100000	-0.99955	-0.96595	-0.83835	-0.8432	-0.8372	-0.8398	-0.83435

execution time
1000	1000	0.2	11.4	0.15	1.68	2.34	0.32	0.36
1000	3000	0.26	8.65	0.25	1.91	2.49	0.35	0.38
1000	10000	0.38	4.74	0.77	2.25	3.48	0.46	0.57
1000	25000	0.62	0.98	1.65	2.36	4.9	0.65	0.85
1000	50000	1.02	0.93	3.38	2.43	2.84	0.97	1.31
1000	100000	1.9	1.51	6.58	2.59	3.06	1.55	2.51


miscalculated pools
1000	1000	21	28	28	32	27	22	38
1000	3000	81	99	83	77	81	77	82
1000	10000	288	271	255	252	298	299	276
1000	25000	686	676	713	682	694	747	722
1000	50000	1397	1352	1325	1331	1387	1425	1369
1000	100000	2771	2867	2789	2800	2749	2820	2809

discarded pools
1000	1000	802	26	11	10	11	5	12
1000	3000	1635	95	66	46	24	74	83
1000	10000	2139	420	297	297	283	334	323
1000	25000	1311	907	840	775	784	842	820
1000	50000	223	1178	1526	1533	1555	1617	1564
1000	100000	10	559	3210	3179	3149	3187	3212

false positive pools
1000	1000	10	18	18	24	18	19	28
1000	3000	75	66	34	39	59	17	15
1000	10000	288	142	10	2	45	5	5
1000	25000	686	582	5	0	16	0	0
1000	50000	1397	1275	0	0	0	0	0
1000	100000	2771	2626	0	0	0	0	0

false negative pools
1000	1000	791	16	1	2	2	2	2
1000	3000	1629	62	17	8	2	14	16
1000	10000	2139	291	52	47	30	40	52
1000	25000	1311	813	132	93	106	95	98
1000	50000	223	1101	201	202	168	192	195
1000	100000	10	318	421	379	400	367	403

gain of malicious
1000	1000	3.01	-0.87	-0.945	-0.95	-0.945	-0.975	-0.94
1000	3000	1.725	-0.841667	-0.89	-0.923333	-0.96	-0.876667	-0.861667
1000	10000	0.0695	-0.79	-0.8515	-0.8515	-0.8585	-0.833	-0.8385
1000	25000	-0.7378	-0.8186	-0.832	-0.845	-0.8432	-0.8316	-0.836
1000	50000	-0.9777	-0.8822	-0.8474	-0.8467	-0.8445	-0.8383	-0.8436
1000	100000	-0.9995	-0.97205	-0.8395	-0.84105	-0.84255	-0.84065	-0.8394

execution time
1000	1000	0.27	11.83	0.2	2.82	2.62	0.32	0.35
1000	3000	0.27	8.67	0.27	1.9	2.44	0.36	0.44
1000	10000	0.39	3.44	0.68	3.09	2	0.45	0.6
1000	25000	0.69	0.92	1.88	2.59	2.37	0.65	0.94
1000	50000	1.18	1.17	3.64	2.3	2.96	1.24	1.45
1000	100000	2.12	1.52	6.75	2.62	2.83	1.57	2.47

