miscalculated pools
1000	1000	107	109	107	111	92	88	106
1000	3000	281	330	329	311	313	288	274
1000	10000	1016	1008	1066	1066	1016	1041	1019
1000	25000	2556	2647	2544	2576	2669	2635	2685
1000	50000	5118	5079	5221	5244	5154	5112	5192
1000	100000	10446	10510	10316	10321	10182	10194	10368

discarded pools
1000	1000	596	108	120	41	25	34	40
1000	3000	1078	300	287	293	22	326	338
1000	10000	1450	581	980	1323	68	1575	1518
1000	25000	2607	2995	2993	3238	145	3638	3494
1000	50000	5124	229	6607	6647	296	6575	6583
1000	100000	10446	159	13110	13029	636	13065	13224

false positive pools
1000	1000	0	80	54	83	80	64	80
1000	3000	0	253	185	129	304	107	104
1000	10000	0	891	427	7	1006	22	29
1000	25000	0	1994	387	0	2668	0	0
1000	50000	0	4990	89	0	5154	0	0
1000	100000	0	10373	0	0	10182	0	0

false negative pools
1000	1000	489	79	67	13	13	10	14
1000	3000	797	223	143	111	13	145	168
1000	10000	434	464	341	264	58	556	528
1000	25000	51	2342	836	662	144	1003	809
1000	50000	6	140	1475	1403	296	1463	1391
1000	100000	0	22	2794	2708	636	2871	2856

gain of malicious
1000	1000	0.502016	-0.728097	-0.697275	-0.896985	-0.936869	-0.914228	-0.89899
1000	3000	-0.092593	-0.74756	-0.758336	-0.753699	-0.981438	-0.72605	-0.715201
1000	10000	-0.633727	-0.853045	-0.752525	-0.665605	-0.98284	-0.602072	-0.616357
1000	25000	-0.736869	-0.697682	-0.697273	-0.672506	-0.985343	-0.632496	-0.646628
1000	50000	-0.741176	-0.988433	-0.666091	-0.663838	-0.985038	-0.667882	-0.667566
1000	100000	-0.736143	-0.995985	-0.668866	-0.671104	-0.983939	-0.670016	-0.665943

execution time
1000	1000	1.37	6.15	0.14	2.03	3.69	0.39	0.38
1000	3000	0.27	1.4	0.27	1.84	2.3	0.4	0.42
1000	10000	0.38	0.61	0.38	1.76	3.01	0.71	0.74
1000	25000	0.67	1.09	1.36	2.19	2.48	0.81	1.09
1000	50000	1.12	1.32	2.14	2.13	2.82	1.34	1.78
1000	100000	1.96	2.33	8.2	2.62	5.43	2.33	3.21


miscalculated pools
1000	1000	96	116	78	112	118	97	107
1000	3000	292	336	323	294	294	299	297
1000	10000	1047	1021	1039	1010	1029	1043	1063
1000	25000	2563	2533	2720	2544	2646	2529	2508
1000	50000	5185	5190	5168	5171	5285	5245	5200
1000	100000	10383	10444	10291	10415	10325	10417	10353

discarded pools
1000	1000	637	101	96	33	32	47	36
1000	3000	1142	385	324	251	14	356	318
1000	10000	1465	612	802	1257	81	1636	1506
1000	25000	2646	3629	3278	3251	147	3429	3318
1000	50000	5188	457	6517	6516	326	6717	6634
1000	100000	10383	133	13076	13295	636	13229	13124

false positive pools
1000	1000	0	83	33	93	104	64	82
1000	3000	0	215	169	148	287	101	112
1000	10000	0	973	548	38	1021	24	2
1000	25000	0	1424	346	0	2644	0	0
1000	50000	0	4938	106	0	5285	0	0
1000	100000	0	10336	0	0	10325	0	0

false negative pools
1000	1000	541	68	51	14	18	14	11
1000	3000	850	264	170	105	7	158	133
1000	10000	418	564	311	285	73	617	445
1000	25000	83	2520	904	707	145	900	810
1000	50000	3	205	1455	1345	326	1472	1434
1000	100000	0	25	2785	2880	636	2812	2771

gain of malicious
1000	1000	0.611842	-0.74572	-0.757085	-0.916244	-0.919517	-0.881672	-0.908907
1000	3000	-0.03645	-0.675379	-0.727823	-0.789005	-0.988212	-0.699933	-0.731872
1000	10000	-0.630237	-0.845189	-0.797618	-0.682287	-0.979541	-0.58666	-0.619889
1000	25000	-0.732468	-0.633538	-0.669023	-0.67151	-0.985152	-0.653384	-0.664876
1000	50000	-0.738012	-0.97691	-0.670572	-0.670789	-0.983536	-0.660552	-0.664584
1000	100000	-0.737864	-0.996638	-0.669665	-0.663959	-0.983942	-0.665559	-0.668301

execution time
1000	1000	0.21	6.31	0.17	1.69	2.7	0.39	0.37
1000	3000	0.35	1.16	0.33	2.03	2.66	0.41	0.49
1000	10000	0.48	0.57	0.91	1.79	3.25	0.59	0.63
1000	25000	0.65	0.87	2.03	1.75	3.37	0.84	1.01
1000	50000	1.12	1.35	4.08	2.01	2.72	1.25	1.84
1000	100000	2.33	2.32	8.65	2.76	2.52	2.15	3.16


miscalculated pools
1000	1000	99	107	103	82	80	109	106
1000	3000	277	301	301	319	311	317	305
1000	10000	1119	1026	1054	1049	1049	1043	1036
1000	25000	2589	2664	2563	2604	2552	2551	2593
1000	50000	5178	5193	5194	5293	5202	5060	5172
1000	100000	10440	10395	10416	10250	10249	10216	10347

discarded pools
1000	1000	646	50	92	31	13	76	49
1000	3000	1104	354	163	277	23	319	335
1000	10000	1548	793	1053	1332	98	1576	1501
1000	25000	2659	3364	2777	3268	145	3563	3319
1000	50000	5185	807	6403	6688	302	6578	6589
1000	100000	10440	137	13263	13064	609	12977	13145

false positive pools
1000	1000	0	94	51	66	72	61	71
1000	3000	0	242	209	149	302	134	110
1000	10000	0	789	403	24	1039	5	4
1000	25000	0	1995	533	0	2552	0	0
1000	50000	0	4893	212	0	5202	0	0
1000	100000	0	10285	0	0	10249	0	0

false negative pools
1000	1000	547	37	40	15	5	28	14
1000	3000	827	295	71	107	14	136	140
1000	10000	429	556	402	307	88	538	469
1000	25000	70	2695	747	664	145	1012	726
1000	50000	7	507	1421	1395	302	1518	1417
1000	100000	0	27	2847	2814	609	2761	2798

gain of malicious
1000	1000	0.631313	-0.873737	-0.767442	-0.922032	-0.967238	-0.807302	-0.876263
1000	3000	-0.070394	-0.701316	-0.86261	-0.766913	-0.980574	-0.731843	-0.717633
1000	10000	-0.608656	-0.799464	-0.733795	-0.663534	-0.975263	-0.601859	-0.621609
1000	25000	-0.731588	-0.659982	-0.719325	-0.670099	-0.985343	-0.640028	-0.664626
1000	50000	-0.737882	-0.959234	-0.676459	-0.662099	-0.984751	-0.667878	-0.66702
1000	100000	-0.736457	-0.996542	-0.664907	-0.670074	-0.984616	-0.672268	-0.667978

execution time
1000	1000	0.23	6.64	0.17	1.95	2.99	0.39	0.43
1000	3000	0.26	1.07	0.35	1.74	3.11	0.46	0.48
1000	10000	0.43	0.83	0.89	4.84	3.14	0.55	0.63
1000	25000	0.69	0.9	1.74	3.3	3.02	0.78	1.12
1000	50000	1.11	1.38	4.04	2.12	2.99	1.34	1.78
1000	100000	2.14	2.25	7.49	2.64	3.44	2.15	3.46


miscalculated pools
1000	1000	106	98	109	110	104	104	87
1000	3000	294	314	316	278	308	286	292
1000	10000	965	978	1039	1041	1048	986	1003
1000	25000	2555	2661	2567	2555	2674	2575	2561
1000	50000	5179	5140	5198	5175	5108	5223	5112
1000	100000	10400	10289	10292	10423	10355	10527	10471

discarded pools
1000	1000	621	103	100	43	16	56	34
1000	3000	1076	341	356	252	35	321	292
1000	10000	1507	530	991	1327	64	1542	1591
1000	25000	2635	1663	2789	3281	166	3508	3338
1000	50000	5192	349	6332	6571	319	6711	6576
1000	100000	10400	313	13133	13230	626	13276	13296

false positive pools
1000	1000	0	74	61	81	100	59	69
1000	3000	0	257	139	142	299	94	115
1000	10000	0	960	431	4	1043	13	13
1000	25000	0	2536	528	0	2669	0	0
1000	50000	0	5028	269	0	5108	0	0
1000	100000	0	10289	0	0	10355	0	0

false negative pools
1000	1000	515	79	52	14	12	11	16
1000	3000	782	284	179	116	26	129	115
1000	10000	542	512	383	290	59	569	601
1000	25000	80	1538	750	726	161	933	777
1000	50000	13	237	1403	1396	319	1488	1464
1000	100000	0	313	2841	2807	626	2749	2825

gain of malicious
1000	1000	0.568182	-0.739636	-0.747219	-0.891194	-0.959596	-0.858729	-0.913793
1000	3000	-0.096102	-0.713638	-0.699629	-0.788591	-0.970568	-0.730705	-0.754291
1000	10000	-0.619368	-0.86608	-0.75005	-0.664764	-0.983811	-0.610488	-0.598313
1000	25000	-0.733699	-0.832081	-0.718647	-0.668278	-0.983238	-0.645227	-0.662665
1000	50000	-0.737544	-0.982371	-0.68017	-0.667997	-0.983884	-0.66104	-0.667603
1000	100000	-0.73735	-0.992095	-0.668355	-0.665818	-0.984185	-0.664812	-0.663988

execution time
1000	1000	0.24	6.72	0.21	1.76	2.59	0.34	0.36
1000	3000	0.31	1.12	0.41	1.83	3.62	0.36	0.5
1000	10000	0.38	0.56	0.74	1.74	4	0.49	0.61
1000	25000	0.66	0.87	2.12	1.91	3.52	0.77	1.08
1000	50000	3.78	1.35	4.11	1.97	3.26	1.29	1.77
1000	100000	1.99	2.25	7.64	2.66	2.8	2.13	3.23


miscalculated pools
1000	1000	116	110	87	99	111	101	107
1000	3000	292	303	307	301	304	305	286
1000	10000	1017	1010	976	1042	1037	1044	994
1000	25000	2508	2551	2629	2568	2544	2614	2538
1000	50000	5220	5287	5103	5268	5156	5254	5139
1000	100000	10517	10359	10485	10333	10413	10395	10413

discarded pools
1000	1000	592	118	68	32	20	52	35
1000	3000	1009	363	327	290	19	345	304
1000	10000	1559	291	1233	1331	78	1562	1492
1000	25000	2612	3345	3289	3287	152	3608	3492
1000	50000	5223	109	6384	6688	326	6770	6562
1000	100000	10517	1891	13224	13176	609	13188	13216

false positive pools
1000	1000	0	61	49	79	99	66	80
1000	3000	0	205	159	126	299	107	129
1000	10000	0	975	266	22	1024	33	5
1000	25000	0	2025	236	0	2543	0	0
1000	50000	0	5241	203	0	5156	0	0
1000	100000	0	9775	0	0	10413	0	0

false negative pools
1000	1000	476	69	30	12	8	17	8
1000	3000	717	265	179	115	14	147	147
1000	10000	542	256	523	311	65	551	503
1000	25000	104	2819	896	719	151	994	954
1000	50000	3	63	1484	1420	326	1516	1423
1000	100000	0	1307	2739	2843	609	2793	2803

gain of malicious
1000	1000	0.497976	-0.702321	-0.828283	-0.919028	-0.949393	-0.868554	-0.911258
1000	3000	-0.149241	-0.695368	-0.724283	-0.754819	-0.984028	-0.708615	-0.744022
1000	10000	-0.606432	-0.926448	-0.688573	-0.663923	-0.980285	-0.604757	-0.623499
1000	25000	-0.735863	-0.662039	-0.667657	-0.668248	-0.98463	-0.635423	-0.64733
1000	50000	-0.736025	-0.994492	-0.677537	-0.662386	-0.983526	-0.658032	-0.668465
1000	100000	-0.734425	-0.952249	-0.665905	-0.667239	-0.98462	-0.666869	-0.666101

execution time
1000	1000	0.27	6.44	0.2	3.49	2.28	0.66	0.41
1000	3000	0.38	1.17	0.31	1.69	2.55	0.42	0.47
1000	10000	0.43	0.57	1.2	1.7	6.54	0.53	0.63
1000	25000	0.66	0.87	2.04	1.71	3.89	0.83	1.02
1000	50000	1.03	1.39	4.19	2	3.44	1.28	5.21
1000	100000	2.13	2.34	7.32	2.51	2.97	2.12	2.99


miscalculated pools
1000	1000	117	89	100	97	122	109	104
1000	3000	323	306	324	307	290	326	315
1000	10000	1018	1007	1077	999	1059	1062	1039
1000	25000	2568	2474	2647	2583	2610	2644	2513
1000	50000	5266	5051	5155	5110	4988	5096	5253
1000	100000	10418	10426	10349	10304	10417	10413	10340

discarded pools
1000	1000	621	129	88	26	30	42	43
1000	3000	1056	310	329	290	81	389	361
1000	10000	1500	492	1054	1283	64	1658	1425
1000	25000	2622	3054	2961	3260	142	3596	3317
1000	50000	5272	331	6247	6473	320	6632	6718
1000	100000	10418	173	13083	13140	626	13320	13229

false positive pools
1000	1000	0	42	60	91	107	81	74
1000	3000	0	246	171	137	260	118	108
1000	10000	0	891	378	4	1045	19	15
1000	25000	0	2283	392	0	2610	0	0
1000	50000	0	4921	336	0	4988	0	0
1000	100000	0	10284	0	0	10417	0	0

false negative pools
1000	1000	504	82	48	20	15	14	13
1000	3000	733	250	176	120	51	181	154
1000	10000	482	376	355	288	50	615	401
1000	25000	54	2863	706	677	142	952	804
1000	50000	6	201	1428	1363	320	1536	1465
1000	100000	0	31	2734	2836	626	2907	2889

gain of malicious
1000	1000	0.572948	-0.675553	-0.778449	-0.934144	-0.924012	-0.893617	-0.891742
1000	3000	-0.110812	-0.737555	-0.72269	-0.756303	-0.931933	-0.672338	-0.696639
1000	10000	-0.621136	-0.875582	-0.733865	-0.675551	-0.983822	-0.581524	-0.639715
1000	25000	-0.735109	-0.69149	-0.70097	-0.670614	-0.985642	-0.636709	-0.664611
1000	50000	-0.733716	-0.983286	-0.68452	-0.673048	-0.983832	-0.665132	-0.660433
1000	100000	-0.736688	-0.995629	-0.669498	-0.668125	-0.984183	-0.663674	-0.665799

execution time
1000	1000	0.3	6.45	0.23	1.86	3.26	0.35	0.58
1000	3000	0.26	1.84	0.39	1.65	2.34	3.16	0.71
1000	10000	0.38	1.04	0.84	1.73	2.95	1.13	0.62
1000	25000	0.67	1.32	2.23	1.76	2.86	0.81	1.73
1000	50000	2.05	1.56	4.3	2.13	2.9	1.28	1.82
1000	100000	2.04	2.38	7.13	2.74	2.68	2.39	3.06


miscalculated pools
1000	1000	100	103	100	114	102	108	107
1000	3000	291	315	330	303	305	309	329
1000	10000	1009	1068	1100	1034	1047	1014	1031
1000	25000	2536	2628	2573	2678	2557	2627	2538
1000	50000	5136	5103	5108	5093	5056	5099	5276
1000	100000	10337	10332	10348	10450	10207	10368	10432

discarded pools
1000	1000	581	94	89	37	27	53	50
1000	3000	1050	362	363	290	25	365	341
1000	10000	1499	525	1192	1323	71	1579	1552
1000	25000	2600	1161	2923	3374	162	3616	3347
1000	50000	5154	305	6561	6456	304	6549	6798
1000	100000	10337	102	13064	13179	630	13146	13199

false positive pools
1000	1000	0	68	58	89	89	64	71
1000	3000	0	249	130	140	303	103	112
1000	10000	0	952	372	14	1043	28	11
1000	25000	0	2537	430	0	2557	0	0
1000	50000	0	4982	117	0	5056	0	0
1000	100000	0	10273	0	0	10207	0	0

false negative pools
1000	1000	481	59	47	12	14	9	14
1000	3000	759	296	163	127	23	159	124
1000	10000	490	409	464	303	67	593	532
1000	25000	64	1070	780	696	162	989	809
1000	50000	18	184	1570	1363	304	1450	1522
1000	100000	0	43	2716	2729	630	2778	2767

gain of malicious
1000	1000	0.464214	-0.762146	-0.775706	-0.907129	-0.931611	-0.866026	-0.873482
1000	3000	-0.115566	-0.695491	-0.694032	-0.756384	-0.978899	-0.693071	-0.712576
1000	10000	-0.621388	-0.867411	-0.698807	-0.665436	-0.982065	-0.601021	-0.60812
1000	25000	-0.737384	-0.882666	-0.704485	-0.659192	-0.983641	-0.634851	-0.661755
1000	50000	-0.739718	-0.984593	-0.668496	-0.673702	-0.984645	-0.668767	-0.6565
1000	100000	-0.738904	-0.997423	-0.670101	-0.66713	-0.984092	-0.667755	-0.666736

execution time
1000	1000	0.2	6.58	0.24	1.86	2.45	0.35	0.37
1000	3000	0.27	1.15	0.3	1.83	3.24	0.45	0.44
1000	10000	0.44	0.73	0.88	1.69	3.74	0.74	0.63
1000	25000	0.64	0.96	1.89	1.83	3.09	0.79	1.14
1000	50000	1.15	2.15	3.92	2.12	2.57	1.53	1.86
1000	100000	2.13	2.33	8.07	2.62	2.82	2.16	3.05


miscalculated pools
1000	1000	106	102	104	100	106	95	114
1000	3000	325	301	329	303	306	331	276
1000	10000	1008	1112	1045	1039	1083	1036	1032
1000	25000	2660	2610	2573	2598	2558	2611	2620
1000	50000	5154	5285	5252	5232	5302	5154	5249
1000	100000	10343	10300	10382	10337	10393	10332	10451

discarded pools
1000	1000	603	99	89	27	25	43	42
1000	3000	983	389	168	261	60	399	296
1000	10000	1503	1335	1020	1316	135	1651	1551
1000	25000	2766	3693	3304	3345	157	3677	3407
1000	50000	5156	195	6668	6664	316	6531	6773
1000	100000	10343	1981	13170	13186	595	13064	13197

false positive pools
1000	1000	0	70	60	87	85	70	88
1000	3000	0	201	229	139	280	98	104
1000	10000	0	753	423	23	1029	52	10
1000	25000	0	2474	246	0	2558	0	0
1000	50000	0	5240	169	0	5302	0	0
1000	100000	0	9713	0	0	10393	0	0

false negative pools
1000	1000	497	67	45	14	4	18	16
1000	3000	658	289	68	97	34	166	124
1000	10000	495	976	398	300	81	667	529
1000	25000	106	3557	977	747	157	1066	787
1000	50000	2	150	1585	1432	316	1377	1524
1000	100000	0	1394	2788	2849	595	2732	2746

gain of malicious
1000	1000	0.52581	-0.749494	-0.774569	-0.931749	-0.936869	-0.891851	-0.893725
1000	3000	-0.171164	-0.672007	-0.858395	-0.779412	-0.949648	-0.663234	-0.75059
1000	10000	-0.620339	-0.662606	-0.742294	-0.667408	-0.965906	-0.583207	-0.607937
1000	25000	-0.720471	-0.626093	-0.66633	-0.661985	-0.984123	-0.628316	-0.656136
1000	50000	-0.739359	-0.990146	-0.663096	-0.663414	-0.984029	-0.669971	-0.657646
1000	100000	-0.738797	-0.94995	-0.667508	-0.666754	-0.984968	-0.670048	-0.6665

execution time
1000	1000	4.14	6.02	0.15	1.83	2.68	0.34	0.45
1000	3000	0.27	1.09	0.47	1.79	3.17	0.37	0.41
1000	10000	0.57	0.63	0.92	1.76	3.55	0.52	0.65
1000	25000	0.65	0.9	2.07	5.45	2.43	0.85	1.13
1000	50000	1.09	1.33	4.17	1.99	4.97	1.37	1.73
1000	100000	2.04	2.33	9.06	2.59	2.52	2.21	3.16


miscalculated pools
1000	1000	99	117	95	99	90	97	100
1000	3000	308	309	296	361	297	314	311
1000	10000	1034	1029	1002	1003	978	1010	1040
1000	25000	2680	2686	2620	2665	2618	2551	2580
1000	50000	5118	5133	5256	5270	5256	5143	5163
1000	100000	10322	10231	10392	10449	10421	10547	10470

discarded pools
1000	1000	652	122	81	31	28	40	60
1000	3000	1140	387	281	326	21	347	315
1000	10000	1439	461	1155	1276	69	1561	1544
1000	25000	2720	3350	3104	3374	174	3602	3373
1000	50000	5128	364	6605	6680	309	6675	6587
1000	100000	10322	1414	13160	13217	641	13324	13280

false positive pools
1000	1000	0	62	63	88	80	69	56
1000	3000	0	210	154	148	293	104	137
1000	10000	0	907	314	6	973	34	13
1000	25000	0	2036	376	0	2618	0	0
1000	50000	0	5034	113	0	5256	0	0
1000	100000	0	9936	0	0	10421	0	0

false negative pools
1000	1000	553	67	49	20	18	12	16
1000	3000	832	288	139	113	17	137	141
1000	10000	405	339	467	279	64	585	517
1000	25000	40	2700	860	709	174	1051	793
1000	50000	10	265	1462	1410	309	1532	1424
1000	100000	0	1119	2768	2768	641	2777	2810

gain of malicious
1000	1000	0.651469	-0.690669	-0.796278	-0.921559	-0.928862	-0.89858	-0.848332
1000	3000	-0.042017	-0.673473	-0.763069	-0.724196	-0.982329	-0.708697	-0.734312
1000	10000	-0.637422	-0.883503	-0.708392	-0.677778	-0.98256	-0.60513	-0.610258
1000	25000	-0.725075	-0.661055	-0.686351	-0.659027	-0.982412	-0.636279	-0.659017
1000	50000	-0.740953	-0.981611	-0.666084	-0.662347	-0.98439	-0.662817	-0.667343
1000	100000	-0.739264	-0.96428	-0.667421	-0.666197	-0.983811	-0.663202	-0.664467

execution time
1000	1000	0.27	6.17	0.21	2.85	3.15	0.32	0.4
1000	3000	0.26	1.03	0.46	1.75	2.79	0.37	0.42
1000	10000	0.36	0.64	0.8	1.83	4.23	0.55	0.64
1000	25000	0.76	0.9	2.7	1.84	2.77	0.81	1.1
1000	50000	1.1	1.33	4.52	2.73	3.58	1.35	3.1
1000	100000	2.55	2.35	9.58	2.68	3.47	2.42	3.17


miscalculated pools
1000	1000	97	98	96	96	99	109	111
1000	3000	300	316	308	286	338	298	333
1000	10000	998	1046	1001	996	1047	1030	1054
1000	25000	2614	2627	2594	2590	2536	2555	2535
1000	50000	5274	5134	5167	5227	5165	5098	5262
1000	100000	10327	10443	10317	10477	10510	10332	10488

discarded pools
1000	1000	623	114	17	23	26	51	41
1000	3000	1125	346	311	257	94	325	372
1000	10000	1464	882	973	1272	109	1543	1536
1000	25000	2701	3223	3054	3256	152	3467	3387
1000	50000	5281	163	6382	6645	311	6559	6677
1000	100000	10327	231	13090	13225	553	13103	13245

false positive pools
1000	1000	0	50	89	86	92	73	88
1000	3000	0	226	157	153	291	141	112
1000	10000	0	969	420	30	1025	17	0
1000	25000	0	1856	399	0	2536	0	0
1000	50000	0	5107	243	0	5165	0	0
1000	100000	0	10443	0	0	10510	0	0

false negative pools
1000	1000	526	66	10	13	19	15	18
1000	3000	825	256	160	124	47	168	151
1000	10000	466	805	392	306	87	530	482
1000	25000	87	2452	859	666	152	912	852
1000	50000	7	136	1458	1418	311	1461	1415
1000	100000	0	231	2773	2748	553	2771	2757

gain of malicious
1000	1000	0.576417	-0.71066	-0.95694	-0.941624	-0.934343	-0.870427	-0.896045
1000	3000	-0.051113	-0.708656	-0.73742	-0.783451	-0.920688	-0.725135	-0.686869
1000	10000	-0.630527	-0.77689	-0.754615	-0.678982	-0.972455	-0.61059	-0.611847
1000	25000	-0.726929	-0.674576	-0.691178	-0.67139	-0.984638	-0.649529	-0.657754
1000	50000	-0.733294	-0.991761	-0.677573	-0.664075	-0.984289	-0.668563	-0.662703
1000	100000	-0.739027	-0.994163	-0.669257	-0.666062	-0.986031	-0.669256	-0.665483

execution time
1000	1000	0.33	6.57	0.2	1.77	2.65	0.59	0.38
1000	3000	0.27	1.17	0.29	1.79	2.23	0.37	0.41
1000	10000	0.64	0.55	1.09	1.73	2.55	0.53	0.66
1000	25000	0.65	1.33	2.14	1.78	4.85	0.86	1.08
1000	50000	1.11	1.38	4.19	2	2.55	1.31	1.73
1000	100000	2.03	2.21	9.58	2.58	3.44	3.56	3.11


miscalculated pools
1000	1000	99	125	99	104	97	121	108
1000	3000	310	321	310	340	293	332	305
1000	10000	998	1027	995	1016	1090	1007	1001
1000	25000	2596	2617	2597	2623	2568	2531	2553
1000	50000	5253	5171	5197	5165	5300	5073	5190
1000	100000	10406	10560	10405	10346	10491	10423	10345

discarded pools
1000	1000	621	122	101	34	15	55	51
1000	3000	1112	309	300	320	48	379	317
1000	10000	1509	450	1153	1343	90	1547	1567
1000	25000	2645	2635	3206	3324	148	3422	3280
1000	50000	5253	1179	6413	6556	329	6717	6631
1000	100000	10406	77	13178	13200	570	13250	13170

false positive pools
1000	1000	0	78	53	86	95	80	73
1000	3000	0	243	148	135	271	110	110
1000	10000	0	904	327	15	1061	12	13
1000	25000	0	2318	309	0	2568	0	0
1000	50000	0	4451	180	0	5300	0	0
1000	100000	0	10514	0	0	10491	0	0

false negative pools
1000	1000	522	75	55	16	13	14	16
1000	3000	802	231	138	115	26	157	122
1000	10000	511	327	485	342	61	552	579
1000	25000	49	2336	918	701	148	891	727
1000	50000	0	459	1396	1391	329	1644	1441
1000	100000	0	31	2773	2854	570	2827	2825

gain of malicious
1000	1000	0.568182	-0.691296	-0.745207	-0.914055	-0.962006	-0.861531	-0.871342
1000	3000	-0.064918	-0.740249	-0.748069	-0.730458	-0.959677	-0.680761	-0.732082
1000	10000	-0.618901	-0.886421	-0.708985	-0.66031	-0.977264	-0.609107	-0.603973
1000	25000	-0.732871	-0.733849	-0.676528	-0.663998	-0.98503	-0.654455	-0.668847
1000	50000	-0.734595	-0.940458	-0.676203	-0.668748	-0.983379	-0.660634	-0.665209
1000	100000	-0.737081	-0.998055	-0.667229	-0.666518	-0.985599	-0.66535	-0.66728

execution time
1000	1000	0.23	5.92	0.25	1.93	4.73	0.34	0.35
1000	3000	0.3	1.21	0.44	1.88	3.65	0.36	0.42
1000	10000	0.59	0.58	0.85	4.54	2.78	0.54	0.63
1000	25000	0.63	0.89	2.22	1.76	2.51	0.87	1.03
1000	50000	1.1	1.34	4.69	2.28	3.02	1.28	1.74
1000	100000	1.92	2.47	9.85	2.84	2.77	2.11	3.06


miscalculated pools
1000	1000	93	87	105	107	101	106	90
1000	3000	317	292	314	305	330	318	291
1000	10000	1096	1041	985	1051	984	1045	1052
1000	25000	2570	2725	2613	2567	2586	2592	2576
1000	50000	5124	5310	5082	5189	5190	5060	5093
1000	100000	10402	10471	10283	10397	10295	10452	10196

discarded pools
1000	1000	664	86	102	26	23	51	51
1000	3000	1100	376	259	258	16	364	329
1000	10000	1521	481	1235	1344	68	1662	1492
1000	25000	2653	3354	3222	3295	177	3633	3393
1000	50000	5127	169	6687	6613	299	6652	6564
1000	100000	10402	205	13058	13189	593	13255	13019

false positive pools
1000	1000	0	67	53	93	92	73	57
1000	3000	0	223	182	162	321	86	93
1000	10000	0	923	284	30	982	23	0
1000	25000	0	2158	312	0	2577	0	0
1000	50000	0	5283	71	0	5190	0	0
1000	100000	0	10317	0	0	10295	0	0

false negative pools
1000	1000	571	66	50	12	14	18	18
1000	3000	783	307	127	115	7	132	131
1000	10000	425	363	534	323	66	640	440
1000	25000	83	2787	921	728	168	1041	817
1000	50000	3	142	1676	1424	299	1592	1471
1000	100000	0	51	2775	2792	593	2803	2823

gain of malicious
1000	1000	0.681864	-0.782828	-0.743202	-0.933943	-0.941919	-0.871212	-0.870821
1000	3000	-0.076561	-0.683927	-0.78206	-0.782901	-0.986518	-0.691839	-0.722316
1000	10000	-0.615637	-0.878462	-0.6875	-0.660777	-0.982828	-0.5806	-0.622966
1000	25000	-0.731879	-0.660911	-0.674269	-0.666956	-0.98212	-0.632674	-0.657245
1000	50000	-0.741082	-0.991461	-0.662375	-0.665916	-0.984895	-0.664237	-0.668291
1000	100000	-0.737246	-0.994823	-0.669956	-0.666682	-0.985021	-0.665247	-0.671035

execution time
1000	1000	0.26	6.56	0.27	1.8	2.74	0.37	0.35
1000	3000	0.31	1.1	0.56	1.82	2.57	0.65	0.43
1000	10000	0.41	0.55	0.85	1.83	3.09	0.52	0.63
1000	25000	0.7	0.85	2.03	1.95	2.71	0.84	1.06
1000	50000	1.13	1.42	4.06	2.14	2.85	1.49	1.82
1000	100000	1.97	2.33	9.75	2.74	3.2	2.2	3.13


miscalculated pools
1000	1000	122	113	113	95	105	104	99
1000	3000	312	298	313	298	292	302	286
1000	10000	1032	1045	1054	1015	1051	1038	1089
1000	25000	2676	2581	2610	2593	2541	2570	2586
1000	50000	5038	5243	5037	5126	5227	5301	5095
1000	100000	10227	10431	10438	10416	10404	10330	10385

discarded pools
1000	1000	646	104	108	21	38	53	48
1000	3000	1070	319	276	286	41	368	329
1000	10000	1538	493	1025	1310	80	1724	1647
1000	25000	2748	1099	3097	3240	143	3502	3402
1000	50000	5038	242	6531	6510	285	6748	6564
1000	100000	10231	127	13278	13143	594	13119	13231

false positive pools
1000	1000	0	75	57	85	79	74	63
1000	3000	0	242	168	115	278	89	107
1000	10000	0	867	413	17	1037	33	6
1000	25000	0	2517	323	0	2541	0	0
1000	50000	0	5079	36	0	5227	0	0
1000	100000	0	10337	0	0	10404	0	0

false negative pools
1000	1000	524	66	52	11	12	23	12
1000	3000	758	263	131	103	27	155	150
1000	10000	506	315	384	312	66	719	564
1000	25000	72	1035	810	647	143	932	816
1000	50000	0	78	1530	1384	285	1447	1469
1000	100000	4	33	2840	2727	594	2789	2846

gain of malicious
1000	1000	0.628024	-0.738431	-0.726721	-0.947023	-0.904137	-0.866566	-0.878665
1000	3000	-0.099933	-0.731481	-0.766813	-0.759097	-0.965535	-0.690131	-0.72241
1000	10000	-0.611498	-0.875304	-0.741345	-0.669025	-0.97979	-0.564206	-0.584007
1000	25000	-0.722233	-0.888819	-0.686957	-0.67282	-0.985544	-0.64612	-0.656239
1000	50000	-0.74537	-0.987774	-0.670205	-0.670953	-0.985612	-0.659323	-0.668378
1000	100000	-0.741511	-0.996793	-0.664683	-0.667854	-0.984996	-0.668672	-0.665931

execution time
1000	1000	0.21	6.65	0.27	1.77	2.8	0.34	0.38
1000	3000	0.24	1.31	0.34	1.82	3.46	0.48	0.44
1000	10000	0.38	0.61	1.12	1.76	3.63	0.58	0.77
1000	25000	0.92	0.93	1.78	2.03	2.89	0.82	1.11
1000	50000	1.35	1.37	5.03	2.06	2.92	1.28	1.87
1000	100000	2.01	2.32	9.14	2.66	3.21	2.15	3.15


miscalculated pools
1000	1000	94	106	91	99	114	106	107
1000	3000	328	284	300	330	308	287	323
1000	10000	1095	1020	1028	1043	1020	1012	1072
1000	25000	2540	2635	2595	2566	2584	2597	2526
1000	50000	5127	5206	5187	5362	5118	5373	5237
1000	100000	10360	10296	10283	10342	10485	10225	10477

discarded pools
1000	1000	610	100	106	32	100	70	37
1000	3000	1125	351	314	319	18	358	376
1000	10000	1542	281	1301	1347	96	1597	1518
1000	25000	2655	607	2937	3275	190	3541	3397
1000	50000	5127	412	6246	6686	309	6763	6744
1000	100000	10360	116	13106	13116	642	13062	13258

false positive pools
1000	1000	0	73	49	81	53	58	79
1000	3000	0	226	133	130	301	74	88
1000	10000	0	946	270	12	1009	18	10
1000	25000	0	2568	442	0	2574	0	0
1000	50000	0	4995	351	0	5118	0	0
1000	100000	0	10214	0	0	10485	0	0

false negative pools
1000	1000	516	67	64	14	39	22	9
1000	3000	797	293	147	119	11	145	141
1000	10000	447	207	543	316	85	603	456
1000	25000	115	540	784	709	180	944	871
1000	50000	0	201	1410	1324	309	1390	1507
1000	100000	0	34	2823	2774	642	2837	2781

gain of malicious
1000	1000	0.540404	-0.74773	-0.729867	-0.919028	-0.747219	-0.822695	-0.906377
1000	3000	-0.05494	-0.703947	-0.736134	-0.731119	-0.984848	-0.699362	-0.683182
1000	10000	-0.610803	-0.929062	-0.67163	-0.659539	-0.975753	-0.596064	-0.616667
1000	25000	-0.731786	-0.938588	-0.703333	-0.668697	-0.980817	-0.642193	-0.656591
1000	50000	-0.741113	-0.979182	-0.684686	-0.662255	-0.984376	-0.658559	-0.659263
1000	100000	-0.738254	-0.997068	-0.668786	-0.668808	-0.983794	-0.670022	-0.665168

execution time
1000	1000	0.26	6.8	0.35	1.89	2.27	0.35	0.42
1000	3000	0.26	1.29	0.49	1.82	3.56	0.38	0.88
1000	10000	0.36	0.59	1.09	1.83	3.34	2.03	0.69
1000	25000	0.63	0.87	2.28	1.85	2.9	0.83	1.06
1000	50000	1.11	1.44	4.97	2.04	3.05	1.28	1.85
1000	100000	2.32	2.24	8.56	2.43	2.97	2.39	3.08


miscalculated pools
1000	1000	103	97	101	110	104	115	93
1000	3000	304	316	302	308	322	326	302
1000	10000	1013	1021	993	1059	1042	1077	1074
1000	25000	2556	2610	2616	2635	2566	2621	2560
1000	50000	5222	5266	5221	5247	5259	5149	5136
1000	100000	10327	10453	10420	10405	10397	10533	10355

discarded pools
1000	1000	609	99	94	35	18	64	29
1000	3000	1078	370	324	305	49	388	317
1000	10000	1459	416	859	1339	83	1665	1609
1000	25000	2640	1143	2894	3355	159	3489	3395
1000	50000	5222	771	6365	6650	276	6542	6557
1000	100000	10327	309	13262	13206	622	13222	13102

false positive pools
1000	1000	0	74	54	84	95	65	73
1000	3000	0	232	157	143	302	97	129
1000	10000	0	985	447	4	1026	11	10
1000	25000	0	2286	572	0	2566	0	0
1000	50000	0	5005	238	0	5259	0	0
1000	100000	0	10453	0	0	10397	0	0

false negative pools
1000	1000	506	76	47	9	9	14	9
1000	3000	774	286	179	140	29	159	144
1000	10000	446	380	313	284	67	599	545
1000	25000	84	819	850	720	159	868	835
1000	50000	0	510	1382	1403	276	1393	1421
1000	100000	0	309	2842	2801	622	2689	2747

gain of malicious
1000	1000	0.537879	-0.750504	-0.762146	-0.911437	-0.954683	-0.839357	-0.926842
1000	3000	-0.092287	-0.688027	-0.726259	-0.74387	-0.958768	-0.67362	-0.733345
1000	10000	-0.630969	-0.89479	-0.783081	-0.661903	-0.979017	-0.579248	-0.593317
1000	25000	-0.733527	-0.884662	-0.707606	-0.660672	-0.983926	-0.647647	-0.656655
1000	50000	-0.736215	-0.961044	-0.678581	-0.664277	-0.986057	-0.669329	-0.668678
1000	100000	-0.739191	-0.992194	-0.664996	-0.666299	-0.984289	-0.666155	-0.668971

execution time
1000	1000	0.22	6.3	0.22	1.83	2.6	0.43	0.44
1000	3000	0.32	1.23	0.45	1.77	3.4	0.39	0.48
1000	10000	0.38	2.14	1.17	1.8	3.59	0.54	0.7
1000	25000	0.64	0.95	2.23	1.81	3.08	0.83	1.43
1000	50000	1.08	1.52	4.1	2.03	3.92	1.31	1.79
1000	100000	1.98	2.33	8.33	2.54	7.94	2.17	3.26


miscalculated pools
1000	1000	104	94	102	100	99	100	139
1000	3000	289	297	315	300	311	319	352
1000	10000	1011	1091	1049	986	1004	1040	1002
1000	25000	2595	2596	2586	2635	2641	2630	2533
1000	50000	5211	5199	5097	5216	5133	4995	5223
1000	100000	10316	10379	10319	10234	10370	10252	10538

discarded pools
1000	1000	625	75	85	27	21	33	64
1000	3000	1076	372	340	293	60	363	386
1000	10000	1472	336	1012	1289	80	1660	1518
1000	25000	2665	3666	3008	3332	162	3646	3427
1000	50000	5219	357	6337	6596	306	6450	6643
1000	100000	10316	240	13085	13077	643	13070	13362

false positive pools
1000	1000	0	77	58	87	85	81	88
1000	3000	0	197	160	124	289	104	84
1000	10000	0	1015	414	12	987	34	18
1000	25000	0	2408	382	0	2641	0	0
1000	50000	0	5064	235	0	5133	0	0
1000	100000	0	10203	0	0	10370	0	0

false negative pools
1000	1000	521	58	41	14	7	14	13
1000	3000	787	272	185	117	38	148	118
1000	10000	461	260	377	315	63	654	534
1000	25000	70	3478	804	697	162	1016	894
1000	50000	8	222	1475	1380	306	1455	1420
1000	100000	0	64	2766	2843	643	2818	2824

gain of malicious
1000	1000	0.57669	-0.810223	-0.786217	-0.931818	-0.946701	-0.916498	-0.837728
1000	3000	-0.092443	-0.686552	-0.713708	-0.753034	-0.949495	-0.694547	-0.675412
1000	10000	-0.62817	-0.915194	-0.743979	-0.674462	-0.979829	-0.580214	-0.616007
1000	25000	-0.730525	-0.629472	-0.69626	-0.66338	-0.983637	-0.631091	-0.653768
1000	50000	-0.736185	-0.981974	-0.679911	-0.666822	-0.984539	-0.674045	-0.664468
1000	100000	-0.7396	-0.993936	-0.669464	-0.669789	-0.983763	-0.669966	-0.662456

execution time
1000	1000	0.22	6.8	0.2	1.78	2.73	0.32	0.37
1000	3000	0.32	1.12	0.41	2.07	3.38	0.72	0.5
1000	10000	0.4	0.53	1.11	1.78	3.52	0.51	0.69
1000	25000	0.63	0.94	3.23	1.99	3.31	0.86	1.12
1000	50000	1.14	1.41	3.9	1.9	2.57	1.37	1.74
1000	100000	2.02	2.37	8.86	2.45	2.74	2.28	3.18


miscalculated pools
1000	1000	113	99	105	111	100	90	83
1000	3000	331	304	295	305	296	296	325
1000	10000	1052	1036	990	1077	1022	1044	1023
1000	25000	2643	2604	2597	2628	2616	2509	2489
1000	50000	5027	5110	5232	5142	5144	5224	5224
1000	100000	10204	10237	10316	10554	10375	10399	10626

discarded pools
1000	1000	618	118	110	31	21	42	37
1000	3000	1048	362	267	294	75	323	363
1000	10000	1482	853	1204	1347	77	1608	1516
1000	25000	2704	1628	3139	3289	139	3454	3398
1000	50000	5035	237	6521	6568	308	6715	6698
1000	100000	10204	279	12972	13333	593	13178	13425

false positive pools
1000	1000	0	46	49	94	91	65	62
1000	3000	0	205	163	133	263	109	95
1000	10000	0	1001	274	14	1011	40	0
1000	25000	0	2521	288	0	2616	0	0
1000	50000	0	5000	126	0	5144	0	0
1000	100000	0	10237	89	0	10375	0	0

false negative pools
1000	1000	505	65	54	14	12	17	16
1000	3000	717	263	135	122	42	136	133
1000	10000	430	818	488	284	66	604	493
1000	25000	61	1545	830	661	139	945	909
1000	50000	8	127	1415	1426	308	1491	1474
1000	100000	0	279	2745	2779	593	2779	2799

gain of malicious
1000	1000	0.562184	-0.702321	-0.719959	-0.92132	-0.947289	-0.89426	-0.906754
1000	3000	-0.119032	-0.695798	-0.774569	-0.752858	-0.936698	-0.728754	-0.693205
1000	10000	-0.62572	-0.784857	-0.695867	-0.660123	-0.980522	-0.593775	-0.616668
1000	25000	-0.726769	-0.835462	-0.682827	-0.66767	-0.985945	-0.650843	-0.656601
1000	50000	-0.745692	-0.988024	-0.670643	-0.66829	-0.984442	-0.660934	-0.661478
1000	100000	-0.742276	-0.992948	-0.672391	-0.663165	-0.985022	-0.667239	-0.661033

execution time
1000	1000	2.01	6.39	0.21	1.88	4.69	0.38	0.41
1000	3000	0.27	1.26	0.28	1.65	2.9	0.67	0.42
1000	10000	0.42	0.55	0.85	1.81	3.63	0.57	0.63
1000	25000	0.68	1.22	2.17	1.75	2.41	0.85	3.2
1000	50000	1.13	1.37	4.45	2.04	2.63	1.25	1.79
1000	100000	2.04	2.21	8.11	2.83	3.07	2.31	3.3


miscalculated pools
1000	1000	99	111	95	113	106	112	115
1000	3000	311	297	286	314	318	317	298
1000	10000	1010	1011	1050	1077	1062	1038	1056
1000	25000	2636	2513	2579	2621	2564	2590	2585
1000	50000	5144	5162	5110	5192	5199	5214	5253
1000	100000	10365	10357	10363	10315	10510	10286	10320

discarded pools
1000	1000	605	90	101	54	2	46	50
1000	3000	1091	286	274	280	26	344	322
1000	10000	1477	1145	980	1364	154	1569	1605
1000	25000	2719	2744	3046	3304	160	3499	3472
1000	50000	5152	164	6423	6609	305	6560	6573
1000	100000	10365	242	13133	13054	588	13028	13120

false positive pools
1000	1000	0	89	52	85	106	81	82
1000	3000	0	272	162	154	308	103	99
1000	10000	0	869	446	13	1006	18	23
1000	25000	0	2452	346	0	2563	0	0
1000	50000	0	5055	159	0	5199	0	0
1000	100000	0	10157	0	0	10510	0	0

false negative pools
1000	1000	506	68	58	26	2	15	17
1000	3000	780	261	150	120	16	130	123
1000	10000	467	1003	376	300	98	549	572
1000	25000	83	2683	813	683	159	909	887
1000	50000	8	57	1472	1417	305	1346	1320
1000	100000	0	42	2770	2739	588	2742	2800

gain of malicious
1000	1000	0.524698	-0.772267	-0.744692	-0.863498	-0.99496	-0.884189	-0.873482
1000	3000	-0.078858	-0.759097	-0.769825	-0.763912	-0.978181	-0.710438	-0.728591
1000	10000	-0.627284	-0.710771	-0.7524	-0.655033	-0.961095	-0.602905	-0.594983
1000	25000	-0.725231	-0.722772	-0.692249	-0.666317	-0.983846	-0.646137	-0.649208
1000	50000	-0.73964	-0.991717	-0.675652	-0.665949	-0.984586	-0.668359	-0.667869
1000	100000	-0.738154	-0.993886	-0.668094	-0.670234	-0.985138	-0.67096	-0.66854

execution time
1000	1000	0.21	7.2	0.27	1.76	2.15	2.98	0.39
1000	3000	0.28	1.2	0.4	1.83	2.69	0.41	0.44
1000	10000	0.68	2.01	1.06	1.84	2.87	0.88	0.63
1000	25000	0.65	0.83	1.98	1.79	2.98	0.84	1.06
1000	50000	1.15	1.34	4.53	2.02	2.49	1.33	1.78
1000	100000	1.99	2.27	8.18	2.58	3.66	2.2	3.09


miscalculated pools
1000	1000	109	101	88	90	86	118	101
1000	3000	298	332	308	323	295	331	291
1000	10000	1029	1039	1023	1013	1030	1068	1095
1000	25000	2601	2571	2641	2626	2644	2546	2648
1000	50000	5278	5279	5103	5158	5153	5226	5271
1000	100000	10314	10478	10307	10480	10450	10402	10351

discarded pools
1000	1000	603	111	71	24	17	64	36
1000	3000	1054	382	315	293	55	388	287
1000	10000	1473	658	900	1283	78	1668	1588
1000	25000	2676	2731	3035	3327	121	3434	3421
1000	50000	5286	325	6398	6535	306	6664	6649
1000	100000	10314	305	13114	13271	632	13260	13213

false positive pools
1000	1000	0	76	56	79	79	81	76
1000	3000	0	228	146	151	266	81	129
1000	10000	0	1002	445	5	1023	32	0
1000	25000	0	2133	439	0	2644	0	0
1000	50000	0	5178	163	0	5153	0	0
1000	100000	0	10478	0	0	10450	0	0

false negative pools
1000	1000	494	86	39	13	10	27	11
1000	3000	756	278	153	121	26	138	125
1000	10000	444	621	322	275	71	632	493
1000	25000	75	2293	833	701	121	888	773
1000	50000	8	224	1458	1377	306	1438	1378
1000	100000	0	305	2807	2791	632	2858	2862

gain of malicious
1000	1000	0.530457	-0.719697	-0.820888	-0.939148	-0.9572	-0.838384	-0.909366
1000	3000	-0.112496	-0.677909	-0.734848	-0.753367	-0.953563	-0.674387	-0.758092
1000	10000	-0.62803	-0.833989	-0.772612	-0.675453	-0.980321	-0.578106	-0.598909
1000	25000	-0.7295	-0.723918	-0.69331	-0.663722	-0.98778	-0.653047	-0.653983
1000	50000	-0.732793	-0.983583	-0.676843	-0.669863	-0.984546	-0.663496	-0.664226
1000	100000	-0.739551	-0.99229	-0.668648	-0.664674	-0.984041	-0.664952	-0.666335

execution time
1000	1000	0.22	6.15	0.29	1.76	2.55	0.39	0.38
1000	3000	0.32	1.26	0.31	2.08	4.91	0.37	0.44
1000	10000	0.72	0.64	0.68	1.75	3.61	0.54	0.72
1000	25000	0.66	0.99	1.99	1.77	2.28	0.78	3.65
1000	50000	1.07	1.35	4.74	1.94	2.73	1.21	2.01
1000	100000	2.05	2.26	9.59	2.6	2.69	2.39	3.23


miscalculated pools
1000	1000	94	118	87	106	115	110	101
1000	3000	320	316	300	279	279	323	329
1000	10000	1040	1084	1045	1035	1080	1016	1071
1000	25000	2516	2615	2588	2622	2602	2579	2600
1000	50000	5205	5176	5164	5177	5190	5245	5252
1000	100000	10484	10335	10549	10323	10403	10406	10330

discarded pools
1000	1000	646	130	80	31	31	51	40
1000	3000	1019	410	302	264	21	367	366
1000	10000	1494	1165	948	1293	103	1502	1569
1000	25000	2605	4166	2972	3288	146	3566	3369
1000	50000	5224	272	6225	6548	330	6776	6669
1000	100000	10484	354	13280	13190	612	13193	13134

false positive pools
1000	1000	0	64	44	86	99	69	74
1000	3000	0	219	159	122	277	119	100
1000	10000	0	890	462	0	1044	17	3
1000	25000	0	1133	395	0	2600	0	0
1000	50000	0	5073	300	0	5190	0	0
1000	100000	0	10335	0	0	10403	0	0

false negative pools
1000	1000	552	76	37	11	15	10	13
1000	3000	699	313	161	107	19	163	137
1000	10000	454	971	365	258	67	503	501
1000	25000	89	2684	779	666	144	987	769
1000	50000	19	169	1361	1371	330	1531	1417
1000	100000	0	354	2731	2867	612	2787	2804

gain of malicious
1000	1000	0.628024	-0.672048	-0.798995	-0.921638	-0.921638	-0.871342	-0.898888
1000	3000	-0.14052	-0.655462	-0.746474	-0.777628	-0.982317	-0.691181	-0.6914
1000	10000	-0.622727	-0.705957	-0.760388	-0.672989	-0.973958	-0.620208	-0.603748
1000	25000	-0.736496	-0.578903	-0.699616	-0.667892	-0.985251	-0.6392	-0.660191
1000	50000	-0.736023	-0.986265	-0.685447	-0.669266	-0.98334	-0.65775	-0.663134
1000	100000	-0.735301	-0.99106	-0.664589	-0.666785	-0.984542	-0.666796	-0.6683

execution time
1000	1000	0.31	6.46	0.19	2.18	2.59	0.38	0.52
1000	3000	0.32	0.93	0.46	1.72	2.42	0.37	0.42
1000	10000	0.41	0.55	1.14	1.92	4.07	0.56	0.63
1000	25000	0.87	0.95	2.24	2.75	2.8	0.79	1.06
1000	50000	1.06	1.34	3.7	1.99	2.73	1.3	1.75
1000	100000	2.04	2.22	10.87	3.91	3.79	2.17	3.18


miscalculated pools
1000	1000	113	79	103	114	101	96	106
1000	3000	313	308	325	350	315	326	318
1000	10000	1058	1045	1090	1051	1039	1045	1093
1000	25000	2634	2588	2602	2663	2538	2600	2613
1000	50000	5221	5135	5257	5197	5174	5142	5279
1000	100000	10484	10360	10406	10322	10411	10459	10244

discarded pools
1000	1000	613	104	106	46	25	53	44
1000	3000	1078	364	353	367	25	370	353
1000	10000	1484	526	1098	1339	144	1583	1617
1000	25000	2704	3808	3165	3388	161	3569	3499
1000	50000	5224	84	6542	6702	295	6602	6685
1000	100000	10484	149	13199	13026	613	13260	13134

false positive pools
1000	1000	0	42	48	92	88	65	81
1000	3000	0	210	157	132	306	87	116
1000	10000	0	1018	378	10	1003	10	30
1000	25000	0	2431	297	0	2535	0	0
1000	50000	0	5135	79	0	5174	0	0
1000	100000	0	10251	0	0	10411	0	0

false negative pools
1000	1000	500	67	51	24	12	22	19
1000	3000	765	266	185	149	16	131	151
1000	10000	426	499	386	298	108	548	554
1000	25000	70	3651	860	725	158	969	886
1000	50000	3	84	1364	1505	295	1460	1406
1000	100000	0	40	2793	2704	613	2801	2890

gain of malicious
1000	1000	0.543303	-0.738431	-0.730143	-0.883367	-0.936613	-0.865891	-0.889113
1000	3000	-0.092593	-0.693293	-0.702361	-0.692114	-0.979034	-0.687711	-0.702862
1000	10000	-0.624836	-0.867252	-0.722447	-0.662176	-0.963544	-0.599686	-0.591419
1000	25000	-0.726836	-0.615555	-0.680303	-0.657362	-0.983731	-0.63897	-0.646208
1000	50000	-0.736103	-0.995759	-0.669556	-0.661289	-0.985087	-0.666256	-0.662121
1000	100000	-0.735129	-0.996235	-0.666719	-0.6711	-0.984513	-0.664992	-0.667897

execution time
1000	1000	0.27	7.65	0.2	1.79	2.73	0.46	0.42
1000	3000	0.28	1.33	0.34	1.71	2.67	0.38	0.46
1000	10000	0.37	0.55	1.03	3.77	2.78	0.55	0.63
1000	25000	0.61	0.91	2.01	1.68	3.2	0.89	1.09
1000	50000	1.09	1.37	4.5	2.48	2.69	1.33	1.85
1000	100000	2.05	2.39	10.51	4.13	2.73	2.21	3.09


miscalculated pools
1000	1000	104	90	93	97	96	96	121
1000	3000	327	306	321	324	310	328	282
1000	10000	1034	1048	1077	1076	1054	1086	1011
1000	25000	2497	2639	2580	2635	2610	2624	2595
1000	50000	5238	5115	5137	5107	5163	5178	5189
1000	100000	10453	10331	10343	10290	10408	10385	10259

discarded pools
1000	1000	672	111	92	28	23	46	57
1000	3000	982	317	302	302	34	384	325
1000	10000	1497	807	1147	1364	73	1650	1525
1000	25000	2580	627	2989	3310	120	3672	3486
1000	50000	5242	252	6641	6589	313	6722	6645
1000	100000	10453	236	13158	13090	620	13230	13101

false positive pools
1000	1000	0	35	47	80	87	65	77
1000	3000	0	225	162	133	300	97	98
1000	10000	0	858	362	4	1046	24	30
1000	25000	0	2626	385	0	2610	0	0
1000	50000	0	5070	38	0	5163	0	0
1000	100000	0	10331	0	0	10408	0	0

false negative pools
1000	1000	568	56	46	11	14	15	13
1000	3000	655	236	143	111	24	153	141
1000	10000	463	617	432	292	65	588	544
1000	25000	83	614	794	675	120	1048	891
1000	50000	4	207	1542	1482	313	1544	1456
1000	100000	0	236	2815	2800	620	2845	2842

gain of malicious
1000	1000	0.695257	-0.720544	-0.767206	-0.929078	-0.941978	-0.883838	-0.856351
1000	3000	-0.173401	-0.733255	-0.745363	-0.745363	-0.971429	-0.675566	-0.726983
1000	10000	-0.621089	-0.796377	-0.709591	-0.655556	-0.981556	-0.583838	-0.61486
1000	25000	-0.739362	-0.936674	-0.69791	-0.665386	-0.987879	-0.62849	-0.64795
1000	50000	-0.735156	-0.987261	-0.664691	-0.667007	-0.984185	-0.660484	-0.664218
1000	100000	-0.735857	-0.994038	-0.667737	-0.669491	-0.984336	-0.665808	-0.669153

execution time
1000	1000	0.21	7.19	0.29	1.78	3.24	0.36	0.61
1000	3000	0.32	1.33	0.4	1.76	2.68	0.39	0.45
1000	10000	0.5	1.09	1.1	1.83	2.64	0.51	1.27
1000	25000	0.62	0.87	1.88	1.86	2.86	0.8	1.11
1000	50000	1.06	1.29	3.93	2.06	2.66	1.43	1.72
1000	100000	1.99	2.31	8.74	2.48	2.95	2.27	3.17


miscalculated pools
1000	1000	95	117	124	86	103	103	100
1000	3000	314	297	310	314	283	303	318
1000	10000	1075	1051	1036	1076	1050	1004	1020
1000	25000	2579	2563	2565	2614	2614	2590	2532
1000	50000	5249	5302	5128	5224	5158	5206	5180
1000	100000	10378	10417	10449	10257	10380	10328	10359

discarded pools
1000	1000	624	130	135	20	38	50	60
1000	3000	1066	343	298	300	24	339	307
1000	10000	1497	986	918	1353	83	1540	1533
1000	25000	2702	1915	2989	3332	161	3723	3418
1000	50000	5253	172	6387	6660	300	6712	6595
1000	100000	10378	139	13306	13096	635	13161	13074

false positive pools
1000	1000	0	49	53	77	84	69	66
1000	3000	0	226	168	121	277	97	129
1000	10000	0	940	458	16	1033	29	36
1000	25000	0	2375	406	0	2612	0	0
1000	50000	0	5278	209	0	5158	0	0
1000	100000	0	10299	0	0	10380	0	0

false negative pools
1000	1000	529	62	64	11	19	16	26
1000	3000	752	272	156	107	18	133	118
1000	10000	422	875	340	293	66	565	549
1000	25000	123	1727	830	718	159	1133	886
1000	50000	4	148	1468	1436	300	1506	1415
1000	100000	0	21	2857	2839	635	2833	2715

gain of malicious
1000	1000	0.575758	-0.672379	-0.659091	-0.949546	-0.903943	-0.873992	-0.84879
1000	3000	-0.103297	-0.710988	-0.748226	-0.74756	-0.979839	-0.714838	-0.741408
1000	10000	-0.622351	-0.751035	-0.767924	-0.658506	-0.979017	-0.611268	-0.612448
1000	25000	-0.726916	-0.806433	-0.69802	-0.663053	-0.983736	-0.624122	-0.654147
1000	50000	-0.734767	-0.991311	-0.677326	-0.663432	-0.98484	-0.661181	-0.666603
1000	100000	-0.737762	-0.99649	-0.663796	-0.669276	-0.983956	-0.667457	-0.669862

execution time
1000	1000	0.22	8.34	0.29	1.84	2.42	0.33	0.35
1000	3000	0.27	0.99	0.4	1.7	3.2	0.4	0.44
1000	10000	0.45	0.63	1	1.69	4.75	0.59	0.69
1000	25000	0.62	1.01	1.81	1.77	3.62	0.85	1.04
1000	50000	1.13	1.36	4.39	2.04	2.96	1.66	1.76
1000	100000	1.99	2.36	8.7	2.56	2.86	2.17	3.13


miscalculated pools
1000	1000	115	93	98	96	116	106	98
1000	3000	325	351	295	295	313	300	317
1000	10000	1012	1041	1028	1085	1041	1053	1079
1000	25000	2516	2574	2649	2605	2622	2562	2550
1000	50000	5249	5194	5216	5316	5068	5073	5207
1000	100000	10574	10411	10325	10263	10204	10274	10402

discarded pools
1000	1000	631	106	81	38	25	65	61
1000	3000	1081	391	270	285	24	387	305
1000	10000	1420	521	1307	1367	96	1688	1585
1000	25000	2578	3094	3398	3269	148	3623	3333
1000	50000	5255	346	6681	6721	358	6590	6576
1000	100000	10574	203	13081	13198	629	13065	13173

false positive pools
1000	1000	0	51	60	79	105	60	62
1000	3000	0	212	165	148	306	95	121
1000	10000	0	900	296	5	1023	4	4
1000	25000	0	2243	221	0	2622	0	0
1000	50000	0	5104	86	0	5068	0	0
1000	100000	0	10411	0	0	10204	0	0

false negative pools
1000	1000	516	64	43	21	14	19	25
1000	3000	756	252	140	138	17	182	109
1000	10000	408	380	575	287	78	639	510
1000	25000	62	2763	970	664	148	1061	783
1000	50000	6	256	1551	1405	358	1517	1369
1000	100000	0	203	2756	2935	629	2791	2771

gain of malicious
1000	1000	0.590222	-0.730964	-0.79504	-0.904427	-0.936805	-0.835693	-0.84627
1000	3000	-0.091291	-0.671429	-0.773338	-0.760665	-0.979805	-0.674133	-0.743352
1000	10000	-0.641523	-0.868328	-0.670283	-0.655042	-0.975816	-0.573737	-0.599869
1000	25000	-0.739659	-0.687285	-0.656837	-0.669878	-0.985047	-0.634469	-0.663197
1000	50000	-0.734682	-0.982513	-0.662364	-0.66085	-0.981915	-0.66701	-0.667698
1000	100000	-0.73291	-0.994869	-0.669628	-0.666687	-0.984112	-0.669872	-0.667073

execution time
1000	1000	0.2	6.51	0.29	1.81	2.42	0.32	0.36
1000	3000	0.29	1.14	0.45	1.66	3.13	0.44	0.51
1000	10000	0.6	0.61	0.9	1.73	2.98	0.52	0.68
1000	25000	0.62	0.93	1.78	4.89	3.15	0.83	1.16
1000	50000	1.09	1.36	4.62	2.03	3.22	1.22	1.74
1000	100000	1.97	2.29	8.14	2.54	3.25	2.3	3.19


miscalculated pools
1000	1000	104	94	99	96	106	96	96
1000	3000	310	308	293	304	309	317	295
1000	10000	1058	998	1090	1029	1056	1046	1109
1000	25000	2552	2623	2583	2630	2591	2654	2523
1000	50000	5241	5232	5214	5203	5194	5246	5313
1000	100000	10289	10228	10260	10571	10409	10343	10400

discarded pools
1000	1000	627	93	100	21	21	34	49
1000	3000	1060	361	254	305	22	376	340
1000	10000	1489	684	1084	1340	69	1587	1599
1000	25000	2596	2950	2886	3284	182	3736	3386
1000	50000	5241	170	6582	6605	308	6785	6663
1000	100000	10289	100	12987	13349	642	13134	13102

false positive pools
1000	1000	0	57	48	91	98	74	62
1000	3000	0	235	178	108	303	96	99
1000	10000	0	720	356	23	1042	18	6
1000	25000	0	2076	444	0	2591	0	0
1000	50000	0	5232	83	0	5194	0	0
1000	100000	0	10152	0	0	10409	0	0

false negative pools
1000	1000	523	56	49	16	13	12	15
1000	3000	750	288	139	109	16	155	144
1000	10000	431	406	350	334	55	559	496
1000	25000	44	2403	747	654	182	1082	863
1000	50000	0	170	1451	1402	308	1539	1350
1000	100000	0	24	2727	2778	642	2791	2702

gain of malicious
1000	1000	0.584934	-0.764914	-0.746193	-0.946701	-0.946809	-0.914315	-0.876512
1000	3000	-0.103821	-0.696435	-0.786698	-0.743697	-0.981481	-0.684034	-0.713515
1000	10000	-0.622923	-0.827081	-0.726566	-0.66165	-0.982579	-0.599728	-0.595395
1000	25000	-0.737905	-0.701743	-0.708508	-0.66831	-0.981615	-0.622672	-0.6578
1000	50000	-0.735212	-0.991416	-0.667394	-0.666192	-0.984443	-0.657108	-0.663512
1000	100000	-0.740069	-0.997474	-0.672009	-0.662911	-0.983787	-0.66834	-0.669101

execution time
1000	1000	0.28	7.61	0.19	1.89	2.79	3.11	0.36
1000	3000	0.26	1.15	0.32	1.82	2.98	0.38	0.44
1000	10000	0.57	0.61	0.88	1.85	2.73	0.6	0.62
1000	25000	0.76	0.93	2.72	1.8	3.4	0.8	1.06
1000	50000	1.13	1.61	4.91	1.97	2.68	4.19	1.74
1000	100000	2.66	2.21	9.32	2.65	3.18	2.19	3.09


miscalculated pools
1000	1000	93	100	103	106	100	106	96
1000	3000	281	318	303	315	305	318	276
1000	10000	1002	1067	1073	1015	1050	1066	1039
1000	25000	2609	2592	2556	2617	2526	2653	2619
1000	50000	5170	5192	5208	5098	5182	5201	5145
1000	100000	10325	10543	10319	10410	10237	10480	10374

discarded pools
1000	1000	608	59	100	35	15	41	43
1000	3000	1110	390	309	306	42	380	322
1000	10000	1566	942	1081	1306	51	1639	1466
1000	25000	2706	864	3105	3291	175	3632	3403
1000	50000	5170	331	6709	6582	287	6613	6526
1000	100000	10325	944	13069	13111	579	13275	13238

false positive pools
1000	1000	0	79	57	82	95	82	64
1000	3000	0	222	144	125	294	93	93
1000	10000	0	968	376	0	1048	11	34
1000	25000	0	2499	261	0	2526	0	0
1000	50000	0	5115	32	0	5182	0	0
1000	100000	0	10295	0	0	10237	0	0

false negative pools
1000	1000	515	38	54	11	10	17	11
1000	3000	829	294	150	116	31	155	139
1000	10000	564	843	384	291	49	584	461
1000	25000	97	771	810	674	175	979	784
1000	50000	0	254	1533	1484	287	1412	1381
1000	100000	0	696	2750	2701	579	2795	2864

gain of malicious
1000	1000	0.536906	-0.85101	-0.744898	-0.911705	-0.962121	-0.896673	-0.891084
1000	3000	-0.065027	-0.672379	-0.740859	-0.742511	-0.964646	-0.68035	-0.728774
1000	10000	-0.604106	-0.762001	-0.72702	-0.669969	-0.987142	-0.585735	-0.63006
1000	25000	-0.726512	-0.91272	-0.686262	-0.66732	-0.982315	-0.633442	-0.656415
1000	50000	-0.738804	-0.983275	-0.661203	-0.667071	-0.985496	-0.665848	-0.670177
1000	100000	-0.739173	-0.976179	-0.669911	-0.668938	-0.985373	-0.664637	-0.66541

execution time
1000	1000	0.22	9.13	0.28	2.04	3	0.34	0.4
1000	3000	0.28	1.12	0.4	1.83	2.85	0.38	0.42
1000	10000	0.38	0.63	0.95	1.68	2.81	0.52	0.7
1000	25000	0.65	0.9	2.11	1.88	2.86	0.78	1.08
1000	50000	1.08	1.35	4.46	2.13	2.81	1.27	1.84
1000	100000	2.08	2.33	8.8	2.62	3.82	2.21	3.07


miscalculated pools
1000	1000	97	98	96	135	110	97	118
1000	3000	306	309	343	321	320	296	313
1000	10000	1045	1061	1050	1084	1050	1056	1043
1000	25000	2684	2479	2633	2546	2589	2614	2621
1000	50000	5228	5253	5220	5286	5337	5215	5146
1000	100000	10398	10330	10461	10385	10408	10249	10371

discarded pools
1000	1000	624	86	82	52	14	36	46
1000	3000	1029	298	337	321	127	337	368
1000	10000	1547	515	1073	1350	55	1701	1614
1000	25000	2757	3863	2826	3263	181	3613	3428
1000	50000	5234	171	6421	6703	297	6648	6533
1000	100000	10398	264	13165	13183	649	13082	13188

false positive pools
1000	1000	0	71	56	98	104	73	87
1000	3000	0	274	161	121	243	89	95
1000	10000	0	952	367	9	1046	34	11
1000	25000	0	2018	525	0	2588	0	0
1000	50000	0	5163	265	0	5337	0	0
1000	100000	0	10111	0	0	10408	0	0

false negative pools
1000	1000	527	59	42	15	8	12	15
1000	3000	723	263	155	121	50	130	150
1000	10000	502	406	390	275	51	679	582
1000	25000	73	3402	718	717	180	999	807
1000	50000	6	81	1466	1417	297	1433	1387
1000	100000	0	45	2704	2798	649	2833	2817

gain of malicious
1000	1000	0.574168	-0.783047	-0.79272	-0.868288	-0.964859	-0.908907	-0.884189
1000	3000	-0.132378	-0.749158	-0.716807	-0.730161	-0.893528	-0.716234	-0.690131
1000	10000	-0.609146	-0.869884	-0.729177	-0.659056	-0.986115	-0.569716	-0.592259
1000	25000	-0.721335	-0.610097	-0.713829	-0.670217	-0.98172	-0.634873	-0.653737
1000	50000	-0.735544	-0.99136	-0.675655	-0.66128	-0.984989	-0.664141	-0.669844
1000	100000	-0.737315	-0.993328	-0.667564	-0.666934	-0.983602	-0.669409	-0.666687

execution time
1000	1000	0.25	8.6	0.2	1.77	4.3	0.56	0.4
1000	3000	0.27	1.01	0.5	1.77	3.16	0.36	0.41
1000	10000	0.35	0.54	0.98	3.96	3.54	0.59	0.61
1000	25000	0.76	0.91	1.75	1.7	7.64	0.82	1.1
1000	50000	1.09	1.27	3.57	2.18	2.59	1.3	5.31
1000	100000	1.99	2.34	7.44	2.46	2.58	2.26	3.15


miscalculated pools
1000	1000	110	106	97	101	103	106	113
1000	3000	310	320	296	320	303	325	304
1000	10000	1080	1062	1005	1044	1100	1019	1027
1000	25000	2689	2592	2560	2569	2592	2626	2546
1000	50000	5195	5244	5270	5247	5138	5209	5153
1000	100000	10493	10335	10543	10500	10370	10309	10283

discarded pools
1000	1000	614	125	24	36	17	39	55
1000	3000	1031	373	298	300	25	393	367
1000	10000	1430	370	904	1347	80	1543	1604
1000	25000	2752	3794	3088	3295	166	3711	3402
1000	50000	5198	316	6630	6632	316	6782	6512
1000	100000	10493	192	13420	13287	585	13082	13023

false positive pools
1000	1000	0	53	83	83	96	76	70
1000	3000	0	251	161	139	298	94	100
1000	10000	0	987	502	17	1091	28	23
1000	25000	0	2055	322	0	2591	0	0
1000	50000	0	5127	116	0	5138	0	0
1000	100000	0	10183	0	0	10370	0	0

false negative pools
1000	1000	504	72	10	18	10	9	12
1000	3000	721	304	163	119	20	162	163
1000	10000	350	295	401	320	71	552	600
1000	25000	63	3257	850	726	165	1085	856
1000	50000	3	199	1476	1385	316	1573	1359
1000	100000	0	40	2877	2787	585	2773	2740

gain of malicious
1000	1000	0.545821	-0.683384	-0.939577	-0.909183	-0.957243	-0.901515	-0.860971
1000	3000	-0.133031	-0.685709	-0.749074	-0.747219	-0.978907	-0.669415	-0.691597
1000	10000	-0.638706	-0.906669	-0.771786	-0.659642	-0.979778	-0.610275	-0.594376
1000	25000	-0.721885	-0.616458	-0.68793	-0.667037	-0.983216	-0.624985	-0.65635
1000	50000	-0.737485	-0.984042	-0.665124	-0.665118	-0.984029	-0.657419	-0.670852
1000	100000	-0.734966	-0.99515	-0.661097	-0.66431	-0.985228	-0.669449	-0.670977

execution time
1000	1000	0.26	6.09	0.2	1.83	3.03	0.31	0.37
1000	3000	0.27	1.15	0.25	1.81	4.22	0.4	0.43
1000	10000	0.37	0.61	0.68	1.73	3.03	0.51	0.75
1000	25000	0.64	1.05	1.83	1.69	2.98	0.84	1.01
1000	50000	1.07	1.38	3.55	2.05	3.3	1.27	1.79
1000	100000	2.01	2.3	7.38	2.52	3.28	2.36	3.26


miscalculated pools
1000	1000	96	117	92	113	107	79	104
1000	3000	297	336	320	279	331	312	297
1000	10000	1027	1086	1081	1067	1040	1044	1046
1000	25000	2581	2605	2528	2579	2645	2629	2462
1000	50000	5269	5153	5124	5265	5212	5316	5091
1000	100000	10361	10429	10497	10346	10227	10358	10468

discarded pools
1000	1000	656	100	101	32	29	33	42
1000	3000	1046	353	376	271	61	361	350
1000	10000	1505	1373	1142	1331	54	1553	1580
1000	25000	2681	3608	3123	3273	187	3638	3267
1000	50000	5271	209	6396	6692	294	6789	6517
1000	100000	10361	328	13283	13180	647	13158	13263

false positive pools
1000	1000	0	78	53	93	93	58	80
1000	3000	0	242	137	146	304	96	86
1000	10000	0	794	340	6	1036	73	13
1000	25000	0	1944	292	0	2643	0	0
1000	50000	0	5153	216	0	5212	0	0
1000	100000	0	10137	0	0	10227	0	0

false negative pools
1000	1000	560	61	62	12	15	12	18
1000	3000	749	259	193	138	34	145	139
1000	10000	478	1081	401	270	50	582	547
1000	25000	100	2947	887	694	185	1009	805
1000	50000	2	209	1488	1427	294	1473	1426
1000	100000	0	36	2786	2834	647	2800	2795

gain of malicious
1000	1000	0.663286	-0.748238	-0.74572	-0.919273	-0.926842	-0.916244	-0.893832
1000	3000	-0.118935	-0.702962	-0.683395	-0.771962	-0.948757	-0.696128	-0.70489
1000	10000	-0.619757	-0.653318	-0.711965	-0.663787	-0.98634	-0.606875	-0.600485
1000	25000	-0.729061	-0.635482	-0.684469	-0.669033	-0.981116	-0.632198	-0.669827
1000	50000	-0.733944	-0.989445	-0.676806	-0.661925	-0.985139	-0.656899	-0.670839
1000	100000	-0.738377	-0.991713	-0.664347	-0.667104	-0.983658	-0.66763	-0.664991

execution time
1000	1000	0.21	6.1	0.17	1.88	2.93	0.33	0.35
1000	3000	0.27	1.06	0.21	1.76	3.73	0.36	0.49
1000	10000	0.41	0.54	0.53	1.7	2.43	0.5	0.7
1000	25000	0.63	0.92	1.3	1.66	4.06	0.82	1.1
1000	50000	1.11	1.32	3.08	1.98	3.22	1.3	1.74
1000	100000	1.96	2.28	5.56	3.87	3.38	2.14	3.08


miscalculated pools
1000	1000	106	100	103	105	100	109	124
1000	3000	327	342	305	273	313	304	277
1000	10000	997	1024	1075	1023	1051	1016	967
1000	25000	2583	2618	2647	2613	2606	2551	2716
1000	50000	5233	5183	5257	5253	5086	5113	5146
1000	100000	10442	10271	10346	10142	10280	10460	10337

discarded pools
1000	1000	615	99	113	25	19	49	59
1000	3000	1083	448	162	266	126	351	307
1000	10000	1433	803	1093	1291	76	1534	1490
1000	25000	2679	678	3449	3339	167	3582	3617
1000	50000	5244	180	6509	6641	310	6568	6570
1000	100000	10442	89	13266	12980	615	13349	13166

false positive pools
1000	1000	0	66	51	93	91	74	81
1000	3000	0	176	216	108	250	92	104
1000	10000	0	945	363	0	1044	32	27
1000	25000	0	2512	131	0	2606	0	0
1000	50000	0	5135	186	0	5086	0	0
1000	100000	0	10199	0	0	10280	0	0

false negative pools
1000	1000	509	65	61	13	10	14	16
1000	3000	756	282	73	101	63	139	134
1000	10000	436	724	381	268	69	550	550
1000	25000	96	572	933	726	167	1031	901
1000	50000	11	132	1438	1388	310	1455	1424
1000	100000	0	17	2920	2838	615	2889	2829

gain of malicious
1000	1000	0.557751	-0.749494	-0.714934	-0.936869	-0.95202	-0.875887	-0.851759
1000	3000	-0.083756	-0.622387	-0.86359	-0.77617	-0.893653	-0.704346	-0.741147
1000	10000	-0.638423	-0.797406	-0.723962	-0.672999	-0.980802	-0.611764	-0.623851
1000	25000	-0.729361	-0.931521	-0.651658	-0.662727	-0.983128	-0.63805	-0.634528
1000	50000	-0.735152	-0.9909	-0.67119	-0.664616	-0.984333	-0.66786	-0.667685
1000	100000	-0.736337	-0.997753	-0.664932	-0.671977	-0.984465	-0.662802	-0.66727

execution time
1000	1000	0.27	6.27	0.19	1.84	2.78	0.33	0.39
1000	3000	0.26	1.22	0.22	1.76	2.94	0.36	0.45
1000	10000	0.36	0.56	0.56	2.22	2.66	0.51	0.62
1000	25000	0.64	0.84	1.6	1.67	3.04	0.85	1.1
1000	50000	1.04	1.33	2.06	1.95	4.05	1.27	1.75
1000	100000	1.96	2.22	4.08	2.46	4.04	2.17	3.33

