miscalculated pools				
10000	100000	10415.8	10396.7	10430.6
20000	200000	20851.933333	20831.333333	20787.066667	
30000	300000	31261.666667	31231.333333	31203.866667	

discarded pools				
10000	100000	13261.13333	16146.56667	15386.66667
20000	200000	26528.533333	32469.200000	30703.333333	
30000	300000	39791.466667	48529.800000	46100.233333	

false positive pools				
10000	100000	125.5	230.233333	152
20000	200000	261.433333	447.366667	314.666667	
30000	300000	393.166667	700.833333	467.100000	

false negative pools				
10000	100000	2970.833333	5980.1	5108.066667
20000	200000	5938.033333	12085.233333	10230.933333	
30000	300000	8922.966667	17999.300000	15363.466667	

gain of malicious				
10000	100000	-0.66499	-0.592099	-0.611343
20000	200000	-0.664938	-0.589890	-0.612188	
30000	300000	-0.664950	-0.591359	-0.611797	

execution time				
10000	100000	174.469	7.482667	5.44
20000	200000	749.402000	23.486667	10.556667	
30000	300000	1775.847667	59.471000	15.860667	
