miscalculated pools
20000	200000	20978	20865	20944	
30000	300000	31174	31140	31492	

discarded pools
20000	200000	26612	32572	30777	
30000	300000	39809	48271	46347	

false positive pools
20000	200000	267	412	347	
30000	300000	425	770	503	

false negative pools
20000	200000	5901	12119	10180	
30000	300000	9060	17901	15358	

gain of malicious
20000	200000	-0.663885	-0.588600	-0.611258	
30000	300000	-0.664728	-0.593650	-0.609711	

execution time
20000	200000	759.230000	24.590000	10.480000	
30000	300000	1757.410000	58.260000	15.780000	


miscalculated pools
20000	200000	20899	20675	20699	
30000	300000	31292	31343	31211	

discarded pools
20000	200000	26520	32328	30942	
30000	300000	39841	48993	46006	

false positive pools
20000	200000	290	476	312	
30000	300000	459	791	458	

false negative pools
20000	200000	5911	12129	10555	
30000	300000	9008	18441	15253	

gain of malicious
20000	200000	-0.665023	-0.591719	-0.609219	
30000	300000	-0.664530	-0.587509	-0.612610	

execution time
20000	200000	751.540000	23.240000	11.910000	
30000	300000	1780.010000	58.910000	15.220000	


miscalculated pools
20000	200000	20878	20848	20812	
30000	300000	31443	31484	31269	

discarded pools
20000	200000	26533	32594	30460	
30000	300000	39893	48805	46526	

false positive pools
20000	200000	241	417	353	
30000	300000	323	629	462	

false negative pools
20000	200000	5896	12163	10001	
30000	300000	8773	17950	15719	

gain of malicious
20000	200000	-0.664962	-0.588154	-0.615274	
30000	300000	-0.664027	-0.589088	-0.608308	

execution time
20000	200000	755.160000	23.360000	10.110000	
30000	300000	1810.400000	60.680000	17.060000	


miscalculated pools
20000	200000	20928	20937	20691	
30000	300000	31258	31176	31137	

discarded pools
20000	200000	26548	32529	30495	
30000	300000	39730	48555	46177	

false positive pools
20000	200000	279	509	323	
30000	300000	414	776	509	

false negative pools
20000	200000	5899	12101	10127	
30000	300000	8886	18155	15549	

gain of malicious
20000	200000	-0.664674	-0.589069	-0.614771	
30000	300000	-0.665400	-0.591168	-0.611102	

execution time
20000	200000	732.010000	25.020000	10.050000	
30000	300000	1769.670000	58.560000	15.670000	


miscalculated pools
20000	200000	20862	21004	21168	
30000	300000	31098	31314	31012	

discarded pools
20000	200000	26708	32598	31198	
30000	300000	39755	48690	45494	

false positive pools
20000	200000	279	462	263	
30000	300000	386	653	502	

false negative pools
20000	200000	6125	12056	10293	
30000	300000	9043	18029	14984	

gain of malicious
20000	200000	-0.662630	-0.588316	-0.605988	
30000	300000	-0.665289	-0.589957	-0.616875	

execution time
20000	200000	739.560000	23.840000	11.070000	
30000	300000	1753.880000	59.890000	15.430000	


miscalculated pools
20000	200000	20760	20684	20760	
30000	300000	31106	30996	31078	

discarded pools
20000	200000	26557	32219	30831	
30000	300000	39721	48682	45896	

false positive pools
20000	200000	239	503	292	
30000	300000	361	723	473	

false negative pools
20000	200000	6036	12038	10363	
30000	300000	8976	18409	15291	

gain of malicious
20000	200000	-0.664573	-0.592929	-0.610566	
30000	300000	-0.665523	-0.589995	-0.613458	

execution time
20000	200000	742.300000	22.540000	10.410000	
30000	300000	1771.630000	60.630000	15.590000	


miscalculated pools
20000	200000	20919	20880	20747	
30000	300000	31264	31216	31536	

discarded pools
20000	200000	26617	32608	30475	
30000	300000	39775	48314	46528	

false positive pools
20000	200000	276	451	273	
30000	300000	416	751	455	

false negative pools
20000	200000	5974	12179	10001	
30000	300000	8927	17849	15447	

gain of malicious
20000	200000	-0.663906	-0.588050	-0.615145	
30000	300000	-0.665172	-0.593229	-0.608230	

execution time
20000	200000	732.970000	23.260000	10.510000	
30000	300000	1778.790000	58.490000	15.760000	


miscalculated pools
20000	200000	20922	20879	20655	
30000	300000	31238	31211	30762	

discarded pools
20000	200000	26458	32640	30958	
30000	300000	39697	47949	45480	

false positive pools
20000	200000	272	464	301	
30000	300000	370	705	467	

false negative pools
20000	200000	5808	12225	10604	
30000	300000	8829	17443	15185	

gain of malicious
20000	200000	-0.665860	-0.587731	-0.609081	
30000	300000	-0.665872	-0.596408	-0.617066	

execution time
20000	200000	759.350000	23.250000	10.260000	
30000	300000	1817.860000	58.520000	16.590000	


miscalculated pools
20000	200000	21036	20670	20814	
30000	300000	31381	31082	31044	

discarded pools
20000	200000	26772	32372	30788	
30000	300000	39919	48674	46124	

false positive pools
20000	200000	217	410	286	
30000	300000	486	621	470	

false negative pools
20000	200000	5953	12112	10260	
30000	300000	9024	18213	15550	

gain of malicious
20000	200000	-0.661913	-0.591083	-0.611109	
30000	300000	-0.663905	-0.590017	-0.611591	

execution time
20000	200000	773.350000	23.050000	16.250000	
30000	300000	1767.690000	59.160000	15.420000	


miscalculated pools
20000	200000	20773	20968	20839	
30000	300000	31336	31236	31275	

discarded pools
20000	200000	26451	32296	30698	
30000	300000	39890	48745	45917	

false positive pools
20000	200000	291	451	296	
30000	300000	428	718	430	

false negative pools
20000	200000	5969	11779	10155	
30000	300000	8982	18227	15072	

gain of malicious
20000	200000	-0.666011	-0.592185	-0.612217	
30000	300000	-0.664097	-0.589661	-0.613319	

execution time
20000	200000	736.960000	23.500000	10.250000	
30000	300000	1832.860000	58.960000	15.310000	


miscalculated pools
20000	200000	20911	20764	20608	
30000	300000	31137	31345	31043	

discarded pools
20000	200000	26524	32605	30702	
30000	300000	39679	48458	45463	

false positive pools
20000	200000	204	356	328	
30000	300000	374	711	515	

false negative pools
20000	200000	5817	12197	10422	
30000	300000	8916	17824	14935	

gain of malicious
20000	200000	-0.665016	-0.588136	-0.612076	
30000	300000	-0.665927	-0.592091	-0.617081	

execution time
20000	200000	740.720000	23.060000	10.460000	
30000	300000	1757.780000	57.690000	15.580000	


miscalculated pools
20000	200000	20904	20756	20917	
30000	300000	31275	31133	31071	

discarded pools
20000	200000	26676	32262	30425	
30000	300000	39808	48436	46096	

false positive pools
20000	200000	265	409	276	
30000	300000	370	663	615	

false negative pools
20000	200000	6037	11915	9784	
30000	300000	8903	17966	15640	

gain of malicious
20000	200000	-0.663073	-0.592530	-0.615846	
30000	300000	-0.664758	-0.592199	-0.611805	

execution time
20000	200000	750.680000	22.910000	10.310000	
30000	300000	1752.840000	61.760000	15.750000	


miscalculated pools
20000	200000	20803	20689	20349	
30000	300000	31241	30966	30940	

discarded pools
20000	200000	26321	32034	30530	
30000	300000	39651	48601	46116	

false positive pools
20000	200000	288	498	335	
30000	300000	403	726	550	

false negative pools
20000	200000	5806	11843	10516	
30000	300000	8813	18361	15726	

gain of malicious
20000	200000	-0.667533	-0.595297	-0.614247	
30000	300000	-0.666152	-0.590608	-0.611588	

execution time
20000	200000	760.680000	22.940000	10.320000	
30000	300000	1746.910000	58.700000	15.550000	


miscalculated pools
20000	200000	20704	20935	20643	
30000	300000	31437	31236	31231	

discarded pools
20000	200000	26487	32867	30664	
30000	300000	39883	48842	46138	

false positive pools
20000	200000	298	469	336	
30000	300000	343	732	416	

false negative pools
20000	200000	6081	12401	10357	
30000	300000	8789	18338	15323	

gain of malicious
20000	200000	-0.665430	-0.584868	-0.612693	
30000	300000	-0.664147	-0.588728	-0.611575	

execution time
20000	200000	762.750000	24.210000	10.170000	
30000	300000	1765.150000	64.060000	15.650000	


miscalculated pools
20000	200000	20906	20862	20552	
30000	300000	31449	31336	31312	

discarded pools
20000	200000	26609	32595	30370	
30000	300000	39993	48810	46110	

false positive pools
20000	200000	259	482	449	
30000	300000	339	730	467	

false negative pools
20000	200000	5962	12215	10267	
30000	300000	8883	18204	15265	

gain of malicious
20000	200000	-0.663860	-0.588343	-0.616395	
30000	300000	-0.663250	-0.588975	-0.611853	

execution time
20000	200000	738.130000	23.490000	10.110000	
30000	300000	1817.690000	59.040000	15.770000	


miscalculated pools
20000	200000	20905	20752	20932	
30000	300000	31283	31376	31045	

discarded pools
20000	200000	26511	32633	30690	
30000	300000	39837	48601	46261	

false positive pools
20000	200000	209	460	289	
30000	300000	390	665	453	

false negative pools
20000	200000	5815	12341	10047	
30000	300000	8944	17890	15669	

gain of malicious
20000	200000	-0.665098	-0.587836	-0.612396	
30000	300000	-0.664514	-0.590778	-0.610476	

execution time
20000	200000	762.990000	23.110000	10.130000	
30000	300000	1787.990000	58.390000	15.460000	


miscalculated pools
20000	200000	20908	20868	20868	
30000	300000	31217	31553	31123	

discarded pools
20000	200000	26466	32260	30909	
30000	300000	39818	48762	45658	

false positive pools
20000	200000	258	551	263	
30000	300000	514	691	560	

false negative pools
20000	200000	5816	11943	10304	
30000	300000	9115	17900	15095	

gain of malicious
20000	200000	-0.665636	-0.592693	-0.609611	
30000	300000	-0.664741	-0.589371	-0.615435	

execution time
20000	200000	760.480000	23.230000	10.350000	
30000	300000	1806.210000	60.100000	15.910000	


miscalculated pools
20000	200000	20960	20653	21015	
30000	300000	31024	31042	31364	

discarded pools
20000	200000	26635	32246	30954	
30000	300000	39510	48251	46151	

false positive pools
20000	200000	241	473	385	
30000	300000	369	664	428	

false negative pools
20000	200000	5916	12066	10324	
30000	300000	8855	17873	15215	

gain of malicious
20000	200000	-0.663686	-0.592829	-0.609056	
30000	300000	-0.667340	-0.593758	-0.611435	

execution time
20000	200000	750.470000	23.360000	10.610000	
30000	300000	1764.580000	58.830000	15.960000	


miscalculated pools
20000	200000	20820	20803	20778	
30000	300000	31187	31340	31032	

discarded pools
20000	200000	26601	32519	30635	
30000	300000	39866	48169	45984	

false positive pools
20000	200000	219	395	368	
30000	300000	435	784	516	

false negative pools
20000	200000	6000	12111	10225	
30000	300000	9114	17613	15468	

gain of malicious
20000	200000	-0.663995	-0.589158	-0.612989	
30000	300000	-0.664397	-0.594353	-0.612845	

execution time
20000	200000	767.570000	23.420000	10.200000	
30000	300000	1763.350000	58.290000	15.530000	


miscalculated pools
20000	200000	20685	20952	20786	
30000	300000	31141	31434	31043	

discarded pools
20000	200000	26308	32618	30637	
30000	300000	39674	48486	46198	

false positive pools
20000	200000	273	510	380	
30000	300000	401	619	455	

false negative pools
20000	200000	5896	12176	10231	
30000	300000	8934	17671	15610	

gain of malicious
20000	200000	-0.667746	-0.588125	-0.613038	
30000	300000	-0.665844	-0.591761	-0.611028	

execution time
20000	200000	735.070000	22.920000	10.120000	
30000	300000	1769.540000	59.910000	19.770000	


miscalculated pools
20000	200000	20792	20729	20625	
30000	300000	31173	31180	31253	

discarded pools
20000	200000	26373	32267	30597	
30000	300000	39559	48700	46146	

false positive pools
20000	200000	258	513	380	
30000	300000	347	619	414	

false negative pools
20000	200000	5839	12051	10352	
30000	300000	8733	18139	15307	

gain of malicious
20000	200000	-0.666982	-0.592372	-0.613528	
30000	300000	-0.666855	-0.589935	-0.611478	

execution time
20000	200000	756.510000	23.420000	10.120000	
30000	300000	1748.930000	60.500000	16.390000	


miscalculated pools
20000	200000	20848	20862	20784	
30000	300000	31328	31152	31415	

discarded pools
20000	200000	26559	32063	30595	
30000	300000	39826	48072	46702	

false positive pools
20000	200000	312	415	235	
30000	300000	379	708	419	

false negative pools
20000	200000	6023	11616	10046	
30000	300000	8877	17628	15706	

gain of malicious
20000	200000	-0.664607	-0.594990	-0.613553	
30000	300000	-0.664552	-0.595224	-0.606647	

execution time
20000	200000	724.500000	24.620000	10.230000	
30000	300000	1758.430000	59.080000	15.630000	


miscalculated pools
20000	200000	20892	20938	20868	
30000	300000	31526	31372	31083	

discarded pools
20000	200000	26572	32457	30771	
30000	300000	39909	48592	46398	

false positive pools
20000	200000	219	379	292	
30000	300000	298	682	389	

false negative pools
20000	200000	5899	11898	10195	
30000	300000	8681	17902	15704	

gain of malicious
20000	200000	-0.664446	-0.590100	-0.611138	
30000	300000	-0.664042	-0.590720	-0.609194	

execution time
20000	200000	734.860000	24.530000	10.990000	
30000	300000	1755.880000	58.550000	15.410000	


miscalculated pools
20000	200000	20773	20770	20703	
30000	300000	31236	31421	31392	

discarded pools
20000	200000	26416	32428	30763	
30000	300000	39753	48452	46036	

false positive pools
20000	200000	268	462	283	
30000	300000	359	735	406	

false negative pools
20000	200000	5911	12120	10343	
30000	300000	8876	17766	15050	

gain of malicious
20000	200000	-0.666308	-0.590326	-0.611413	
30000	300000	-0.665310	-0.591972	-0.612291	

execution time
20000	200000	733.440000	23.300000	10.100000	
30000	300000	1830.110000	58.510000	15.420000	


miscalculated pools
20000	200000	20812	20778	21018	
30000	300000	31607	31087	30971	

discarded pools
20000	200000	26442	32874	31030	
30000	300000	40129	48584	45713	

false positive pools
20000	200000	236	465	242	
30000	300000	427	731	609	

false negative pools
20000	200000	5866	12561	10254	
30000	300000	8949	18228	15351	

gain of malicious
20000	200000	-0.665966	-0.584735	-0.608009	
30000	300000	-0.662134	-0.590943	-0.614985	

execution time
20000	200000	744.790000	23.720000	10.140000	
30000	300000	1780.110000	58.990000	15.630000	


miscalculated pools
20000	200000	20786	20707	20903	
30000	300000	31088	31057	31333	

discarded pools
20000	200000	26646	32234	30617	
30000	300000	39782	48724	46344	

false positive pools
20000	200000	269	401	344	
30000	300000	412	708	427	

false negative pools
20000	200000	6129	11928	10058	
30000	300000	9106	18375	15438	

gain of malicious
20000	200000	-0.663460	-0.592931	-0.613398	
30000	300000	-0.664978	-0.589629	-0.609745	

execution time
20000	200000	756.260000	23.420000	10.070000	
30000	300000	1824.290000	62.040000	15.730000	


miscalculated pools
20000	200000	20689	20986	20629	
30000	300000	31179	31275	31196	

discarded pools
20000	200000	26411	32572	30457	
30000	300000	39597	48852	46196	

false positive pools
20000	200000	280	384	360	
30000	300000	366	621	460	

false negative pools
20000	200000	6002	11970	10188	
30000	300000	8784	18198	15460	

gain of malicious
20000	200000	-0.666484	-0.588579	-0.615292	
30000	300000	-0.666694	-0.588694	-0.610897	

execution time
20000	200000	772.380000	23.700000	10.140000	
30000	300000	1763.930000	58.460000	15.620000	


miscalculated pools
20000	200000	20738	20848	20805	
30000	300000	31158	31111	31530	

discarded pools
20000	200000	26503	32300	30956	
30000	300000	39569	48137	45982	

false positive pools
20000	200000	209	407	281	
30000	300000	396	745	374	

false negative pools
20000	200000	5974	11859	10432	
30000	300000	8807	17771	14826	

gain of malicious
20000	200000	-0.665200	-0.591929	-0.608981	
30000	300000	-0.666833	-0.594528	-0.612800	

execution time
20000	200000	765.440000	23.390000	10.140000	
30000	300000	1756.080000	60.250000	15.710000	


miscalculated pools
20000	200000	20949	21170	20858	
30000	300000	31318	31274	31539	

discarded pools
20000	200000	26660	32783	30720	
30000	300000	39948	48200	46588	

false positive pools
20000	200000	312	351	275	
30000	300000	477	715	347	

false negative pools
20000	200000	6023	11964	10137	
30000	300000	9107	17641	15396	

gain of malicious
20000	200000	-0.663118	-0.586194	-0.611941	
30000	300000	-0.663714	-0.594042	-0.607765	

execution time
20000	200000	732.810000	22.960000	10.390000	
30000	300000	1747.180000	60.190000	15.450000	


miscalculated pools
20000	200000	20818	20708	20842	
30000	300000	31256	31052	31384	

discarded pools
20000	200000	26360	32703	30456	
30000	300000	39923	48487	46232	

false positive pools
20000	200000	315	486	293	
30000	300000	328	639	464	

false negative pools
20000	200000	5857	12481	9907	
30000	300000	8995	18074	15312	

gain of malicious
20000	200000	-0.667059	-0.586906	-0.615422	
30000	300000	-0.663761	-0.591774	-0.610729	

execution time
20000	200000	749.100000	23.240000	10.300000	
30000	300000	1738.250000	58.730000	16.070000	


